// Analysis: group_comparison
// Studies: 53
// Total foci: 1069
// Foci with t-values: 1045
// Coordinate space: MNI
// All statistics converted to t-values

// Reference=17240066
// Subjects=19
13.1	40.8	9.2	-3.981
-3.0	13.3	38.4	-4.679
8.1	26.5	31.1	-4.181
-7.1	-54.1	29.0	-3.981
-21.2	-8.2	-10.5	-5.98
-20.2	50.0	12.4	-3.507
8.1	41.8	-3.2	-5.579
-7.1	-6.1	-5.3	3.329
-34.3	7.1	-1.2	-3.755
2.0	0.0	11.3	-4.443
-6.1	-19.4	56.0	-5.579
-42.4	-32.6	49.8	-5.43
13.1	-12.2	16.5	-3.285
-3.0	34.7	-0.1	3.723
-30.3	-21.4	-6.4	3.771
-38.4	-10.2	13.4	3.256
-25.2	-27.5	64.4	7.164
-54.5	-16.3	17.6	4.605
7.1	28.6	26.9	-3.932
-22.2	-8.2	-8.4	-4.848
12.1	49.0	-8.4	-4.097
-8.1	-8.2	-4.3	4.097
37.4	2.0	6.1	-4.389
-37.4	-3.1	10.3	-5.162
-21.2	-28.6	60.2	-6.073
-16.2	-75.5	32.1	-4.605
59.6	-36.7	41.5	5.182
29.3	-51.0	65.4	-4.407
-1.0	43.9	-4.3	3.285
13.1	40.8	9.2	-3.981
-3.0	13.3	38.4	-4.679
8.1	26.5	31.1	-4.181
-7.1	-54.1	29.0	-3.981
-21.2	-8.2	-10.5	-5.98
-20.2	50.0	12.4	-3.507
8.1	41.8	-3.2	-5.579
-7.1	-6.1	-5.3	3.329
-34.3	7.1	-1.2	-3.755
2.0	0.0	11.3	-4.443
-6.1	-19.4	56.0	-5.579
-42.4	-32.6	49.8	-5.43
13.1	-12.2	16.5	-3.285
7.1	28.6	26.9	-3.932
-22.2	-8.2	-8.4	-4.848
12.1	49.0	-8.4	-4.097
-8.1	-8.2	-4.3	4.097
37.4	2.0	6.1	-4.389
-37.4	-3.1	10.3	-5.162
-21.2	-28.6	60.2	-6.073
-16.2	-75.5	32.1	-4.605
59.6	-36.7	41.5	5.182
29.3	-51.0	65.4	-4.407
-1.0	43.9	-4.3	3.285

// Reference=21080967
// Subjects=48
18.0	-51.0	57.0	3.893
-7.1	-6.1	-5.3	3.033
-3.0	34.7	-0.1	3.336
-30.3	-21.4	-6.4	3.371
-38.4	-10.2	13.4	2.975
-25.2	-27.5	64.4	5.505
-54.5	-16.3	17.6	3.968
-8.1	-8.2	-4.3	3.611
-16.2	-75.5	32.1	-3.968
59.6	-36.7	41.5	4.35
29.3	-51.0	65.4	-3.831
-1.0	43.9	-4.3	2.998

// Reference=22291848
// Subjects=21
24.0	-8.0	-20.0	2.5
44.0	-34.0	22.0	2.6
24.0	-8.0	-20.0	2.34
-4.0	-36.0	-8.0	2.46
-8.0	-76.0	-35.0	2.71
44.0	-34.0	22.0	2.6

// Reference=22916152
// Subjects=36
-57.0	-67.0	13.0	3.94
60.0	5.0	16.0	5.46
-33.0	14.0	61.0	4.05
-39.0	59.0	7.0	3.78
57.0	29.0	7.0	3.64
-48.0	47.0	4.0	3.37
-18.0	62.0	25.0	3.3
-15.0	23.0	64.0	3.15
-15.0	2.0	-5.0	3.28
12.0	-4.0	28.0	-3.19
-30.0	-37.0	-23.0	-3.15
-42.0	-19.0	-17.0	-4.11
-36.0	50.0	-14.0	-3.19
-48.0	-34.0	-2.0	-4.87
-54.0	5.0	-23.0	-3.55
-60.0	-49.0	43.0	-3.89
-30.0	35.0	-14.0	-3.54
63.0	-1.0	31.0	-3.34
-12.0	20.0	-8.0	-3.24
-33.0	20.0	58.0	-3.08
-27.0	-49.0	-50.0	4.77
-36.0	-70.0	-41.0	4.45
51.0	-64.0	-38.0	6.81
36.0	-40.0	-44.0	3.78
-9.0	-91.0	-26.0	4.03
-3.0	-61.0	-17.0	3.46
-48.0	11.0	-41.0	4.35
-36.0	-76.0	-17.0	5.55
-39.0	-13.0	-26.0	3.6
18.0	-10.0	-17.0	5.98
60.0	8.0	-20.0	4.47
36.0	-70.0	-17.0	4.78
63.0	-31.0	-14.0	3.41
21.0	-55.0	-8.0	3.36
66.0	-16.0	-5.0	4.39
21.0	44.0	-2.0	7.35
-12.0	-106.0	4.0	4.21
45.0	-85.0	4.0	5.24
27.0	-97.0	22.0	6.09
-51.0	-40.0	25.0	3.85
54.0	-28.0	25.0	3.48
54.0	-28.0	43.0	3.85
51.0	-43.0	55.0	4.83
33.0	-76.0	-50.0	-3.91
-3.0	-70.0	-50.0	-4.53
-36.0	-40.0	-41.0	-3.69
42.0	-43.0	-32.0	-5.19
24.0	-73.0	-17.0	-4.11
66.0	-7.0	10.0	-4.56
-24.0	-10.0	73.0	-5.28
27.0	5.0	70.0	-4.01
21.0	-10.0	70.0	-3.64
-42.0	-10.0	61.0	-4.06
-3.0	-28.0	52.0	-5.2
42.0	-28.0	61.0	-6.06
-30.0	-55.0	67.0	-5.15
-15.0	-28.0	76.0	-4.2
6.0	-79.0	-11.0	-3.88
24.0	-10.0	-35.0	-4.16
51.0	-67.0	-32.0	4.14
0.0	53.0	-20.0	4.46
-12.0	11.0	-14.0	4.78
27.0	38.0	-5.0	4.89
45.0	-85.0	1.0	3.74
-57.0	29.0	7.0	4.31
42.0	-58.0	58.0	4.37
21.0	62.0	-2.0	3.83
33.0	-91.0	25.0	4.44
-39.0	-79.0	-41.0	-4.69
-48.0	-67.0	-38.0	-3.59
30.0	-49.0	-35.0	-4.1
57.0	2.0	-29.0	-3.74
42.0	-58.0	13.0	-3.44
42.0	-1.0	46.0	-4.07
0.0	-10.0	55.0	-3.93
-6.0	-25.0	-11.0	-3.4
-36.0	-67.0	-41.0	4.57
51.0	-64.0	-35.0	4.51
36.0	-70.0	-20.0	5.49
21.0	-13.0	-17.0	5.34
57.0	8.0	-23.0	4.65
63.0	-31.0	-17.0	4.09
-33.0	-73.0	-17.0	3.65
12.0	23.0	16.0	5.54
-18.0	29.0	34.0	3.95
-27.0	-43.0	-8.0	3.76
-9.0	26.0	49.0	3.37
30.0	-19.0	1.0	4.03
-18.0	20.0	10.0	4.46
6.0	-22.0	7.0	4.26
0.0	8.0	13.0	3.38
33.0	-76.0	-50.0	-4.16
-3.0	-70.0	-47.0	-5.06
-42.0	-52.0	-29.0	-6.67
-18.0	-85.0	-35.0	-4.06
0.0	-70.0	-26.0	-4.69
-57.0	-70.0	7.0	-5.17
24.0	-73.0	-14.0	-4.32
54.0	-46.0	4.0	-4.2
-57.0	-10.0	7.0	-3.86
63.0	-58.0	-8.0	-3.54
-15.0	59.0	28.0	-5.61
-6.0	-1.0	-14.0	-4.39
18.0	-100.0	-11.0	-3.69
-54.0	8.0	28.0	-4.13
66.0	-13.0	31.0	-3.99
39.0	-25.0	61.0	-4.54
30.0	2.0	67.0	-4.04
-42.0	-7.0	61.0	-3.72
-36.0	-19.0	67.0	-4.41
-30.0	-7.0	70.0	-4.03
66.0	-10.0	13.0	-4.3
-54.0	-19.0	34.0	-4.93
-36.0	-76.0	49.0	-4.11
36.0	-70.0	55.0	-3.83
30.0	-55.0	52.0	-3.87
-39.0	-40.0	61.0	-5.73
24.0	-55.0	70.0	-6.66
-15.0	-85.0	46.0	-3.62
-27.0	-94.0	28.0	-5.82
48.0	-67.0	-29.0	4.48
-60.0	-22.0	-26.0	4.43
-66.0	-43.0	-5.0	3.5
-12.0	14.0	-14.0	3.49
21.0	62.0	1.0	5.08
30.0	35.0	-2.0	4.47
-15.0	29.0	46.0	4.27
3.0	32.0	61.0	3.42
-9.0	-22.0	67.0	3.34
21.0	-22.0	70.0	3.72
-3.0	-16.0	76.0	3.65
48.0	-82.0	-2.0	4.71
-42.0	-79.0	13.0	4.81
-54.0	-43.0	31.0	3.29
48.0	-52.0	34.0	3.5
39.0	-61.0	61.0	4.46
-21.0	-61.0	-23.0	-3.64
21.0	-10.0	-14.0	-3.88
-33.0	-28.0	-26.0	-3.68
-15.0	-25.0	-14.0	-4.1
42.0	-1.0	46.0	-3.58
-3.0	-61.0	1.0	-3.95
12.0	-4.0	37.0	-3.4
6.0	-1.0	49.0	-3.57
-15.0	-4.0	7.0	-3.95
6.0	-19.0	-14.0	-3.35

// Reference=24603951
// Subjects=28
3.0	60.0	-5.0	5.12
60.0	0.0	-21.0	3.51
51.0	-6.0	-21.0	3.06
54.0	12.0	-21.0	3.22
3.0	60.0	-5.0	5.12
60.0	0.0	-21.0	3.51
51.0	-6.0	-21.0	3.06
54.0	12.0	-21.0	3.22

// Reference=24734113
// Subjects=18
45.5	-63.2	51.9	4.17
-6.1	20.4	65.4	4.32
3.0	40.8	49.8	4.55
24.2	37.7	46.7	4.16
6.1	59.2	6.1	4.1
53.5	-67.3	32.1	4.22
59.6	-10.2	-19.9	5.28
62.6	6.1	14.4	5.1
-48.5	-2.0	11.3	4.6
62.6	-19.4	35.2	5.49
-62.6	-5.1	20.7	4.78
62.6	-22.4	33.2	4.84
-53.5	-28.6	24.8	4.52
50.5	5.1	37.3	7.48
50.5	14.3	-5.3	4.82
-56.6	-25.5	18.6	4.49
36.4	-11.2	12.4	4.97
-33.3	-14.3	18.6	4.86

// Reference=24968124
// Subjects=24
-39.0	-12.0	66.0	11.327
-24.0	-63.0	57.0	9.666
-30.0	-24.0	21.0	9.47
39.0	-51.0	27.0	8.439
-51.0	0.0	-36.0	8.27
-21.0	-24.0	72.0	8.049
0.0	2.0	51.0	5.431
0.0	-99.0	0.0	6.186
33.0	9.0	15.0	4.486
-6.0	-48.0	42.0	-14.37
33.0	-15.0	-39.0	-6.292
-30.0	-45.0	-15.0	-7.601
-51.0	0.0	-33.0	-6.531
39.0	-54.0	6.0	7.203
-27.0	-63.0	57.0	7.601
-39.0	-51.0	30.0	4.668
45.0	39.0	21.0	6.292
-24.0	-24.0	75.0	6.082
0.0	-99.0	0.0	5.939
-3.0	-60.0	26.0	-12.321
-42.0	36.0	0.0	-5.719
6.0	54.0	30.0	-4.651
-39.0	-39.0	-30.0	-5.012
-24.0	-15.0	-30.0	-6.4
-57.0	-20.0	-24.0	-7.203
-39.0	33.0	-15.0	-14.903
-39.0	-12.0	66.0	11.327
-24.0	-63.0	57.0	9.666
-30.0	-24.0	21.0	9.47
39.0	-51.0	27.0	8.439
-51.0	0.0	-36.0	8.27
-21.0	-24.0	72.0	8.049
0.0	2.0	51.0	5.431
0.0	-99.0	0.0	6.186
33.0	9.0	15.0	4.486
-6.0	-48.0	42.0	-14.37
33.0	-15.0	-39.0	-6.292
-30.0	-45.0	-15.0	-7.601
-51.0	0.0	-33.0	-6.531
39.0	-54.0	6.0	7.203
-27.0	-63.0	57.0	7.601
-39.0	-51.0	30.0	4.668
45.0	39.0	21.0	6.292
-24.0	-24.0	75.0	6.082
0.0	-99.0	0.0	5.939
-3.0	-60.0	26.0	-12.321
-42.0	36.0	0.0	-5.719
6.0	54.0	30.0	-4.651
-39.0	-39.0	-30.0	-5.012
-24.0	-15.0	-30.0	-6.4
-57.0	-20.0	-24.0	-7.203
-39.0	33.0	-15.0	-14.903

// Reference=25220656
// Subjects=24
21.2	5.1	52.9	3.19
32.3	-35.7	3.0	4.63
15.2	-29.6	31.1	5.04
25.2	-35.7	24.8	3.96
25.2	3.1	19.6	3.98
30.3	-15.3	31.1	3.41
-16.2	-23.5	31.1	4.11
-18.2	-30.6	30.0	3.92
1.0	-19.4	7.2	3.88
23.2	-13.3	43.6	4.33
-32.3	29.6	2.0	4.47
-28.3	-29.6	62.3	5.36
-26.3	-60.2	40.4	5.37
-46.5	-19.4	47.7	5.36
-51.5	-22.4	6.1	4.69
-40.4	-61.2	8.2	4.39
-44.4	-53.0	5.1	3.99
-45.5	-5.1	8.2	4.81
-31.3	19.4	3.0	4.17
-27.3	-72.4	24.8	4.34
-21.2	-67.3	-5.3	3.99
21.2	5.1	52.9	3.19
32.3	-35.7	3.0	4.63
15.2	-29.6	31.1	5.04
25.2	-35.7	24.8	3.96
25.2	3.1	19.6	3.98
30.3	-15.3	31.1	3.41
-16.2	-23.5	31.1	4.11
-18.2	-30.6	30.0	3.92
1.0	-19.4	7.2	3.88
23.2	-13.3	43.6	4.33
-32.3	29.6	2.0	4.47
-28.3	-29.6	62.3	5.36
-26.3	-60.2	40.4	5.37
-46.5	-19.4	47.7	5.36
-51.5	-22.4	6.1	4.69
-40.4	-61.2	8.2	4.39
-44.4	-53.0	5.1	3.99
-45.5	-5.1	8.2	4.81
-31.3	19.4	3.0	4.17
-27.3	-72.4	24.8	4.34
-21.2	-67.3	-5.3	3.99

// Reference=26467429
// Subjects=30
42.0	-72.0	-45.0	4.107
-12.0	-75.0	0.0	-4.696
51.0	-75.0	12.0	-4.41
-33.0	45.0	21.0	4.437
24.0	48.0	3.0	3.993
-45.0	-75.0	12.0	4.021
3.0	-63.0	9.0	4.102
48.0	-30.0	54.0	-5.941
-9.0	-75.0	-33.0	4.774
-45.0	-48.0	-21.0	4.706
0.0	-60.0	-12.0	4.981
3.0	60.0	12.0	6.577
24.0	-54.0	3.0	-4.113
-36.0	-72.0	27.0	5.452
-6.0	-45.0	27.0	5.142
-18.0	-21.0	39.0	-7.495

// Reference=26839078
// Subjects=104
-3.0	63.0	-18.0	6.343
-6.0	54.0	-12.0	4.072
-12.0	48.0	3.0	2.904
6.0	57.0	-9.0	3.519
-36.0	21.0	-21.0	4.56
3.0	-30.0	-15.0	3.672
0.0	27.0	12.0	4.297
-6.0	54.0	-6.0	3.334
-12.0	51.0	6.0	4.15
6.0	39.0	15.0	3.705
0.0	-33.0	-12.0	4.804
-3.0	63.0	-18.0	6.343
-6.0	54.0	-12.0	4.072
-12.0	48.0	3.0	2.904
6.0	57.0	-9.0	3.519
-36.0	21.0	-21.0	4.56
3.0	-30.0	-15.0	3.672
0.0	27.0	12.0	4.297
-6.0	54.0	-6.0	3.334
-12.0	51.0	6.0	4.15
6.0	39.0	15.0	3.705
0.0	-33.0	-12.0	4.804

// Reference=27242492
// Subjects=58
24.0	18.0	54.0	3.97
-36.0	-63.0	45.0	3.76
42.0	-69.0	48.0	4.18
-6.0	36.0	12.0	-3.66
6.0	42.0	6.0	-3.98
24.0	18.0	54.0	3.97
-36.0	-63.0	45.0	3.76
42.0	-69.0	48.0	4.18
-6.0	36.0	12.0	-3.66
6.0	42.0	6.0	-3.98

// Reference=27857211
// Subjects=70
-3.0	33.0	-3.0	3.19
2.0	30.0	14.0	3.32
-41.0	50.0	18.0	3.28
36.0	44.0	29.0	3.13
-3.0	64.0	24.0	3.16
2.0	60.0	24.0	3.19
-18.0	-63.0	57.0	3.02
-1.0	-73.0	49.0	3.14
2.0	-72.0	48.0	4.12
55.0	-63.0	29.0	3.26
-34.0	-81.0	40.0	3.87
-35.0	-30.0	21.0	-4.77
-2.0	-22.0	46.0	-3.91
1.0	-18.0	49.0	-3.25
-1.0	-31.0	37.0	-3.21
-18.0	-16.0	9.0	-3.77
12.0	-16.0	12.0	-3.78
33.0	1.0	-20.0	-3.41
-2.0	6.0	57.0	-3.47
2.0	4.0	60.0	-3.23
-37.0	15.0	23.0	-3.33
37.0	-30.0	11.0	-3.6
-22.0	-39.0	3.0	-3.22
-59.0	-12.0	21.0	-3.39
-19.0	-76.0	-3.0	-3.54
12.0	-71.0	-3.0	-3.14
-1.0	-52.0	-45.0	-3.44
2.0	-52.0	-45.0	-3.31
-6.0	-24.0	-7.0	-3.89
3.0	-35.0	-40.0	-3.09
-35.0	-30.0	21.0	-4.77
-2.0	-22.0	46.0	-3.91
1.0	-18.0	49.0	-3.25
-1.0	-31.0	37.0	-3.21
-18.0	-16.0	9.0	-3.77
12.0	-16.0	12.0	-3.78
33.0	1.0	-20.0	-3.41
-2.0	6.0	57.0	-3.47
2.0	4.0	60.0	-3.23
-37.0	15.0	23.0	-3.33
37.0	-30.0	11.0	-3.6
-22.0	-39.0	3.0	-3.22
-59.0	-12.0	21.0	-3.39
-19.0	-76.0	-3.0	-3.54
12.0	-71.0	-3.0	-3.14
-1.0	-52.0	-45.0	-3.44
2.0	-52.0	-45.0	-3.31
-6.0	-24.0	-7.0	-3.89
3.0	-35.0	-40.0	-3.09
-3.0	33.0	-3.0	3.19
2.0	30.0	14.0	3.32
-41.0	50.0	18.0	3.28
36.0	44.0	29.0	3.13
-3.0	64.0	24.0	3.16
2.0	60.0	24.0	3.19
-18.0	-63.0	57.0	3.02
-1.0	-73.0	49.0	3.14
2.0	-72.0	48.0	4.12
55.0	-63.0	29.0	3.26
-34.0	-81.0	40.0	3.87

// Reference=28334999
// Subjects=65
-34.2	-27.8	44.5	p
40.0	-22.0	45.7	p
11.8	-38.2	60.9	p
-49.5	-16.7	35.7	p

// Reference=28443010
// Subjects=38
-3.0	-33.0	54.0	-7.095

// Reference=29563830
// Subjects=20
-9.0	33.0	18.0	4.889
-9.0	33.0	18.0	4.889
-9.0	33.0	18.0	4.889

// Reference=29763448
// Subjects=28
24.0	0.0	72.0	-7.466
-15.0	-30.0	78.0	-6.429
3.0	12.0	-9.0	6.53
27.0	-30.0	39.0	7.06
39.0	21.0	15.0	7.749
27.0	-12.0	-6.0	6.309
51.0	-36.0	-15.0	5.998

// Reference=29951105
// Subjects=21
-59.1	13.8	-19.4	5.116
-22.7	59.7	24.3	5.03
4.5	22.9	74.2	-6.144
-13.6	-75.0	11.8	4.756
10.6	-41.3	-10.0	4.358
10.6	38.2	-10.0	4.072
-4.5	-22.9	83.6	-5.436
19.7	-35.2	-25.6	6.739
-4.5	-26.0	80.5	-4.1
1.5	-4.6	74.2	-4.19

// Reference=30034336
// Subjects=35
3.0	-81.0	36.0	4.12
-39.0	-84.0	-33.0	-5.3
-27.0	9.0	12.0	4.42
42.0	-9.0	12.0	4.65
3.0	-12.0	-33.0	5.1
-24.0	-51.0	9.0	4.31
18.0	-45.0	15.0	4.55
6.0	9.0	48.0	5.51
-30.0	6.0	30.0	4.29
-30.0	18.0	12.0	4.14
3.0	48.0	-21.0	-4.77
-27.0	-90.0	-24.0	-4.04
42.0	42.0	-15.0	-3.95
54.0	0.0	42.0	-5.47
-27.0	9.0	12.0	4.42
51.0	0.0	42.0	-5.7
48.0	-36.0	-27.0	4.54
-33.0	-33.0	-27.0	4.82
33.0	-57.0	0.0	3.25
-39.0	-66.0	-33.0	2.94
3.0	-57.0	-15.0	3.54
15.0	42.0	12.0	3.89
18.0	-81.0	-27.0	4.38
3.0	-81.0	36.0	4.12
-39.0	-84.0	-33.0	-5.3
-27.0	9.0	12.0	4.42
42.0	-9.0	12.0	4.65
3.0	-12.0	-33.0	5.1
-24.0	-51.0	9.0	4.31
18.0	-45.0	15.0	4.55
6.0	9.0	48.0	5.51
-30.0	6.0	30.0	4.29
-30.0	18.0	12.0	4.14
3.0	48.0	-21.0	-4.77
-27.0	-90.0	-24.0	-4.04
42.0	42.0	-15.0	-3.95
54.0	0.0	42.0	-5.47
-27.0	9.0	12.0	4.42
51.0	0.0	42.0	-5.7
48.0	-36.0	-27.0	4.54
-33.0	-33.0	-27.0	4.82
33.0	-57.0	0.0	3.25
-39.0	-66.0	-33.0	2.94
3.0	-57.0	-15.0	3.54
15.0	42.0	12.0	3.89
18.0	-81.0	-27.0	4.38

// Reference=30719061
// Subjects=30
-36.0	33.0	36.0	-4.333
-6.0	-45.0	48.0	-3.588
-15.0	-63.0	0.0	4.769
36.0	-51.0	39.0	4.184
-33.0	12.0	-12.0	-3.941
-36.0	33.0	36.0	-4.333
-6.0	-45.0	48.0	-3.588
-15.0	-63.0	0.0	4.769
-33.0	12.0	-12.0	-3.941
36.0	-51.0	39.0	4.184

// Reference=30914919
// Subjects=15
-6.0	0.0	40.0	p
-28.0	10.0	4.0	p
30.0	-6.0	-2.0	p
-2.0	26.0	-10.0	p
6.0	10.0	46.0	p
42.0	36.0	-16.0	p
-6.0	0.0	40.0	p
-28.0	10.0	4.0	p
30.0	-6.0	-2.0	p
-2.0	26.0	-10.0	p
6.0	10.0	46.0	p
42.0	36.0	-16.0	p

// Reference=32377180
// Subjects=20
3.0	24.0	39.0	5.57
3.0	24.0	39.0	5.57

// Reference=32807158
// Subjects=45
-27.0	-36.0	-15.0	-5.18
-57.0	-18.0	-3.0	-5.83
45.0	-39.0	9.0	-5.02
18.0	9.0	0.0	-4.92
-30.0	42.0	18.0	-5.09
-36.0	15.0	42.0	-4.69
-27.0	0.0	66.0	-4.66
-51.0	0.0	12.0	-5.4
-48.0	3.0	27.0	-5.58
-48.0	-27.0	39.0	-4.61
-33.0	-69.0	48.0	-5.09
-24.0	27.0	24.0	-5.32
-54.0	-48.0	36.0	-5.73
36.0	-69.0	42.0	-4.59

// Reference=33146953
// Subjects=30
-48.0	-51.0	-6.0	7.34
60.0	-24.0	-9.0	6.45
6.0	-96.0	0.0	7.48
-39.0	-54.0	27.0	6.45
-6.0	-66.0	27.0	6.24
-51.0	-42.0	39.0	7.68
-6.0	-39.0	39.0	6.93
18.0	-27.0	45.0	7.19
54.0	-57.0	42.0	6.84
-15.0	-45.0	63.0	8.63
-12.0	-39.0	21.0	-4.75
-48.0	-48.0	30.0	-4.55
-18.0	-48.0	75.0	5.58

// Reference=34108856
// Subjects=34
-3.0	21.0	-9.0	4.369
15.0	3.0	60.0	-4.659

// Reference=34122321
// Subjects=49
18.0	-60.0	-42.0	4.461
-18.0	-63.0	-42.0	4.943
18.0	-60.0	-42.0	4.461
-18.0	-63.0	-42.0	4.943

// Reference=35048524
// Subjects=60
-10.0	20.0	36.0	p
-40.0	-18.0	0.0	p
36.0	-22.0	0.0	p
-4.0	48.0	12.0	p
-1.0	-8.0	34.0	p
-4.0	48.0	10.0	p
16.0	18.0	-2.0	p
10.0	-16.0	-4.0	p

// Reference=35115998
// Subjects=30
4.0	-64.0	-2.0	-4.95
26.0	0.0	6.0	6.376
16.0	-72.0	-35.0	-5.779
4.0	-64.0	-2.0	-4.95
26.0	0.0	6.0	6.376
16.0	-72.0	-35.0	-5.779

// Reference=35464313
// Subjects=115
-36.0	-72.0	-45.0	-4.09
-57.0	-9.0	-27.0	-3.67
30.0	60.0	-9.0	-3.79
-42.0	36.0	18.0	3.76
48.0	-60.0	39.0	-4.45
0.0	-36.0	33.0	-4.12

// Reference=36530615
// Subjects=32
-30.0	-6.0	6.0	-3.92
-57.0	-51.0	15.0	-4.45
-60.0	-15.0	30.0	-4.0
-3.0	-93.0	11.0	1.778
-3.0	-93.0	11.0	1.778
12.0	-39.0	0.0	1.778
-3.0	-93.0	11.0	1.778
12.0	-39.0	0.0	1.778

// Reference=36530635
// Subjects=52
46.0	-9.0	-25.0	-5.599
27.0	-50.0	3.0	-4.818
-7.0	19.0	52.0	-5.255
48.0	-23.0	1.0	-4.995

// Reference=36744205
// Subjects=23
-38.0	-40.0	12.0	-7.15
66.0	-4.0	-22.0	-8.1
32.0	10.0	34.0	-6.59
-42.0	-26.0	-30.0	-4.58
54.0	32.0	12.0	-9.21
42.0	6.0	-18.0	-5.24
-10.0	20.0	58.0	-2.39
66.0	-36.0	-18.0	-5.11
30.0	-12.0	6.0	-6.45
6.0	-10.0	58.0	-5.39
14.0	-30.0	76.0	-5.35
-54.0	-52.0	-20.0	-5.41
44.0	-28.0	20.0	-4.31
42.0	8.0	18.0	4.82
44.0	-66.0	-12.0	4.38

// Reference=36890655
// Subjects=185
-12.0	-24.0	3.0	3.67
6.0	-21.0	15.0	3.093
24.0	12.0	54.0	4.439
39.0	-54.0	48.0	3.459
42.0	15.0	30.0	4.202
39.0	-51.0	45.0	3.999
51.0	18.0	33.0	4.558
6.0	-66.0	48.0	3.617
-12.0	-24.0	3.0	3.67
6.0	-21.0	15.0	3.093
24.0	12.0	54.0	4.439
39.0	-54.0	48.0	3.459
42.0	15.0	30.0	4.202
39.0	-51.0	45.0	3.999
51.0	18.0	33.0	4.558
6.0	-66.0	48.0	3.617

// Reference=37305743
// Subjects=41
30.0	-90.0	-18.0	5.96
-22.0	58.0	-4.0	4.66
30.0	-90.0	-18.0	5.96
-22.0	58.0	-4.0	4.66
18.0	-8.0	72.0	4.88

// Reference=37901421
// Subjects=51
42.0	54.0	-6.0	4.29
45.0	30.0	-3.0	4.0
42.0	54.0	-6.0	4.29
45.0	30.0	-3.0	4.0

// Reference=38245739
// Subjects=100
-30.0	-6.0	-45.0	5.85
36.0	-69.0	42.0	-4.69
-30.0	-78.0	36.0	-4.33
18.0	9.0	66.0	-4.32
-33.0	3.0	54.0	-4.29
-45.0	-46.0	47.0	-4.14
54.0	-30.0	-22.0	8.71
-50.0	-28.0	-20.0	8.71
57.0	-37.0	-3.0	8.71
-30.0	-40.0	-25.0	8.71
30.0	-6.0	-45.0	8.71
46.0	-60.0	39.0	-5.42
51.0	-33.0	42.0	-5.43
26.0	-59.0	62.0	-5.42
38.0	-80.0	-8.0	-5.42
22.0	30.0	41.0	-5.84
38.0	33.0	32.0	-5.84
40.0	-8.0	50.0	-5.84
8.0	50.0	-7.0	-5.84
-30.0	-6.0	-45.0	5.85
36.0	-69.0	42.0	-4.69
-30.0	-78.0	36.0	-4.33
18.0	9.0	66.0	-4.32
-33.0	3.0	54.0	-4.29
-45.0	-46.0	47.0	-4.14
54.0	-30.0	-22.0	8.71
-50.0	-28.0	-20.0	8.71
57.0	-37.0	-3.0	8.71
-30.0	-40.0	-25.0	8.71
30.0	-6.0	-45.0	8.71
46.0	-60.0	39.0	-5.42
51.0	-33.0	42.0	-5.43
26.0	-59.0	62.0	-5.42
38.0	-80.0	-8.0	-5.42
22.0	30.0	41.0	-5.84
38.0	33.0	32.0	-5.84
40.0	-8.0	50.0	-5.84
8.0	50.0	-7.0	-5.84
-30.0	-6.0	-45.0	5.85
36.0	-69.0	42.0	-4.69
-30.0	-78.0	36.0	-4.33
18.0	9.0	66.0	-4.32
-33.0	3.0	54.0	-4.29
-45.0	-46.0	47.0	-4.14
54.0	-30.0	-22.0	8.71
-50.0	-28.0	-20.0	8.71
57.0	-37.0	-3.0	8.71
-30.0	-40.0	-25.0	8.71
30.0	-6.0	-45.0	8.71
46.0	-60.0	39.0	-5.42
51.0	-33.0	42.0	-5.43
26.0	-59.0	62.0	-5.42
38.0	-80.0	-8.0	-5.42
22.0	30.0	41.0	-5.84
38.0	33.0	32.0	-5.84
40.0	-8.0	50.0	-5.84
8.0	50.0	-7.0	-5.84

// Reference=38249582
// Subjects=30
33.0	0.0	42.0	-7.77
33.0	-36.0	-30.0	6.8
-21.0	-33.0	-33.0	9.84
6.0	-60.0	12.0	-7.87
15.0	36.0	21.0	-8.31
33.0	0.0	42.0	-7.77
33.0	-36.0	-30.0	6.8
-21.0	-33.0	-33.0	9.84
6.0	-60.0	12.0	-7.87
15.0	36.0	21.0	-8.31

// Reference=38585348
// Subjects=68
-42.0	-33.0	0.0	-4.611
45.0	3.0	-21.0	-4.559
21.0	18.0	42.0	-5.252
-24.0	30.0	42.0	-5.27
3.0	-51.0	45.0	-4.515

// Reference=38681626
// Subjects=28
-51.0	-12.0	-15.0	5.141
-39.0	-81.0	-30.0	5.012
-18.0	48.0	30.0	5.246
-30.0	54.0	6.0	5.098
-24.0	-12.0	-24.0	3.63
-15.0	-78.0	6.0	4.745

// Reference=39089662
// Subjects=50
30.0	-54.0	60.0	3.663
54.0	-24.0	42.0	3.848

// Reference=39468590
// Subjects=118
21.0	-66.0	3.0	20.79
-36.0	-78.0	12.0	17.12
51.0	-30.0	30.0	22.6
9.0	-81.0	33.0	18.64

// Reference=39543627
// Subjects=65
-33.0	60.0	-9.0	4.557
-6.0	63.0	-15.0	4.495
48.0	-33.0	18.0	-3.349
-33.0	60.0	-9.0	4.557
-6.0	63.0	-15.0	4.495
48.0	-33.0	18.0	-3.349

// Reference=39877657
// Subjects=27
-6.0	-12.0	12.0	-4.418
6.0	18.0	-10.0	-4.284
4.0	-4.0	6.0	-4.851
-4.0	-10.0	8.0	-4.487
-2.0	-52.0	24.0	-3.574
-8.0	16.0	-4.0	-4.3
-2.0	48.0	-16.0	-4.17
0.0	-54.0	18.0	-4.071
22.0	-72.0	14.0	-4.004

// Reference=40329319
// Subjects=?
46.0	38.0	12.0	4.25
32.0	54.0	-2.0	3.41
48.0	-50.0	42.0	3.41
-42.0	-52.0	46.0	6.42
-52.0	-58.0	-2.0	4.25
24.0	-62.0	62.0	4.25
40.0	-68.0	28.0	6.17
56.0	-2.0	-22.0	5.11
36.0	38.0	22.0	5.64
-24.0	18.0	52.0	5.37
-46.0	12.0	30.0	9.05
-48.0	-62.0	32.0	6.44
-56.0	-6.0	-16.0	5.9
-56.0	-40.0	-8.0	4.58
-48.0	-64.0	-12.0	5.37
48.0	-60.0	30.0	6.92
-48.0	-66.0	28.0	8.39
-58.0	-30.0	-12.0	5.14
-52.0	-58.0	-8.0	4.84
40.0	-16.0	52.0	5.43
38.0	-2.0	48.0	5.65
48.0	12.0	30.0	6.77
38.0	38.0	22.0	6.1
-36.0	-24.0	56.0	9.16
-36.0	-62.0	44.0	6.32
-38.0	46.0	-6.0	2.22
-34.0	28.0	38.0	3.1
18.0	26.0	50.0	2.22
-50.0	22.0	2.0	2.22
-52.0	-54.0	6.0	2.22
-42.0	-56.0	46.0	2.22
44.0	-62.0	38.0	1.29
52.0	14.0	20.0	4.92
-46.0	8.0	32.0	4.92
-48.0	-58.0	30.0	4.27
-52.0	12.0	8.0	5.58
-56.0	-32.0	6.0	8.17
-56.0	-6.0	-16.0	8.17
-58.0	-12.0	-24.0	7.5
-56.0	-42.0	0.0	7.01
-46.0	22.0	20.0	9.34
-46.0	8.0	28.0	15.75
-56.0	-44.0	12.0	9.99
-46.0	-64.0	-16.0	9.57
2.0	58.0	2.0	5.72
34.0	48.0	18.0	4.48
56.0	-32.0	28.0	4.48
58.0	-20.0	18.0	4.48
-44.0	-54.0	42.0	5.1
-48.0	-20.0	42.0	4.79
-58.0	-22.0	16.0	6.64
36.0	54.0	-4.0	2.1
48.0	-44.0	44.0	3.09
60.0	-10.0	4.0	2.1
48.0	12.0	30.0	2.1
-20.0	14.0	60.0	2.1
-24.0	14.0	52.0	4.16
-38.0	-76.0	38.0	4.16
46.0	38.0	12.0	4.25
32.0	54.0	-2.0	3.41
48.0	-50.0	42.0	3.41
-42.0	-52.0	46.0	6.42
-52.0	-58.0	-2.0	4.25
24.0	-62.0	62.0	4.25
40.0	-68.0	28.0	6.17
56.0	-2.0	-22.0	5.11
36.0	38.0	22.0	5.64
-24.0	18.0	52.0	5.37
-46.0	12.0	30.0	9.05
-48.0	-62.0	32.0	6.44
-56.0	-6.0	-16.0	5.9
-56.0	-40.0	-8.0	4.58
-48.0	-64.0	-12.0	5.37
48.0	-60.0	30.0	6.92
-48.0	-66.0	28.0	8.39
-58.0	-30.0	-12.0	5.14
-52.0	-58.0	-8.0	4.84
40.0	-16.0	52.0	5.43
38.0	-2.0	48.0	5.65
48.0	12.0	30.0	6.77
38.0	38.0	22.0	6.1
-36.0	-24.0	56.0	9.16
-36.0	-62.0	44.0	6.32
-38.0	46.0	-6.0	2.22
-34.0	28.0	38.0	3.1
18.0	26.0	50.0	2.22
-50.0	22.0	2.0	2.22
-52.0	-54.0	6.0	2.22
-42.0	-56.0	46.0	2.22
44.0	-62.0	38.0	1.29
52.0	14.0	20.0	4.92
-46.0	8.0	32.0	4.92
-48.0	-58.0	30.0	4.27
-52.0	12.0	8.0	5.58
-56.0	-32.0	6.0	8.17
-56.0	-6.0	-16.0	8.17
-58.0	-12.0	-24.0	7.5
-56.0	-42.0	0.0	7.01
-46.0	22.0	20.0	9.34
-46.0	8.0	28.0	15.75
-56.0	-44.0	12.0	9.99
-46.0	-64.0	-16.0	9.57
2.0	58.0	2.0	5.72
34.0	48.0	18.0	4.48
56.0	-32.0	28.0	4.48
58.0	-20.0	18.0	4.48
-44.0	-54.0	42.0	5.1
-48.0	-20.0	42.0	4.79
-58.0	-22.0	16.0	6.64
36.0	54.0	-4.0	2.1
48.0	-44.0	44.0	3.09
60.0	-10.0	4.0	2.1
48.0	12.0	30.0	2.1
-20.0	14.0	60.0	2.1
-24.0	14.0	52.0	4.16
-38.0	-76.0	38.0	4.16

// Reference=40584525
// Subjects=91
6.0	48.0	12.0	8.635
36.0	36.0	-12.0	6.457
21.0	27.0	15.0	5.772
-6.0	-21.0	42.0	-10.358
42.0	60.0	-3.0	5.814
-30.0	24.0	-18.0	-7.51
-3.0	-69.0	30.0	-6.394
51.0	-51.0	27.0	-5.688
-9.0	51.0	9.0	-5.951
-9.0	-66.0	27.0	-5.336
54.0	-51.0	27.0	-5.393
-42.0	-66.0	51.0	-6.612
-9.0	-45.0	78.0	-6.155
0.0	-12.0	78.0	-5.386
-48.0	42.0	-9.0	-5.297
45.0	-45.0	42.0	-5.283
51.0	18.0	48.0	-5.907
3.0	-33.0	48.0	-5.421
-54.0	-45.0	48.0	-8.032
-27.0	15.0	60.0	-7.431
51.0	-48.0	57.0	-6.844
30.0	12.0	63.0	-5.569
-3.0	-51.0	72.0	-6.607
-3.0	-9.0	78.0	-5.825
-39.0	51.0	3.0	-5.589
66.0	-42.0	-9.0	-5.847
51.0	-48.0	57.0	-7.296
-54.0	-45.0	48.0	-7.667
-27.0	15.0	60.0	-6.734
33.0	3.0	63.0	-5.869
-42.0	0.0	-45.0	-5.905
-54.0	30.0	3.0	-6.292
0.0	33.0	54.0	-7.021
-42.0	9.0	48.0	-7.457
-6.0	-39.0	78.0	-6.219
-42.0	54.0	-3.0	-6.629
-54.0	-57.0	42.0	-5.637
-36.0	24.0	51.0	-6.535
0.0	36.0	51.0	-6.574
21.0	-81.0	-30.0	-6.182
-57.0	-3.0	-15.0	-6.343
-3.0	51.0	18.0	-6.233
-3.0	42.0	54.0	-8.105
-3.0	-45.0	33.0	-6.513
-48.0	-66.0	36.0	-6.636
57.0	-54.0	33.0	-6.586
-21.0	-81.0	-33.0	-6.218
21.0	-81.0	-30.0	-6.325
-57.0	6.0	-24.0	-5.727
0.0	51.0	18.0	-6.627
12.0	-48.0	33.0	-7.12
57.0	-54.0	33.0	-7.46
-39.0	-69.0	36.0	-5.988
-3.0	39.0	57.0	-7.551
0.0	-45.0	36.0	-6.558
27.0	-18.0	-18.0	-6.108
57.0	-57.0	30.0	-6.223
-39.0	-72.0	42.0	-6.048
-24.0	27.0	48.0	-8.258
-6.0	36.0	57.0	-5.45
-33.0	48.0	30.0	-7.226
15.0	-33.0	45.0	-6.21
15.0	9.0	12.0	-6.576
-24.0	48.0	36.0	-7.243
0.0	42.0	24.0	-5.498
-3.0	-30.0	48.0	-6.725
15.0	9.0	15.0	-7.627
-12.0	12.0	15.0	-6.28
-24.0	27.0	51.0	-7.766
0.0	-48.0	60.0	-9.664
12.0	-15.0	9.0	-6.969
-27.0	48.0	30.0	-7.673
-30.0	-75.0	42.0	-6.31
0.0	-48.0	57.0	-8.856
-24.0	30.0	51.0	-8.12
0.0	-63.0	45.0	-8.973
-39.0	-66.0	48.0	-7.244
57.0	-54.0	27.0	-6.898
-30.0	-75.0	45.0	-5.535
-21.0	24.0	51.0	-5.135
-33.0	-72.0	42.0	-5.459
-42.0	9.0	-42.0	-6.137
51.0	18.0	42.0	-6.125
-42.0	12.0	51.0	-7.96
-6.0	69.0	18.0	-6.014
-3.0	-66.0	36.0	-6.677

// Reference=40634927
// Subjects=74
-45.0	18.0	48.0	-3.872
39.0	-63.0	-42.0	-4.495

// Reference=40772121
// Subjects=60
44.0	9.0	-33.0	-3.17
19.0	1.0	-24.0	-3.12
35.0	-16.0	-14.0	-3.21
-5.0	12.0	29.0	-2.34
5.0	14.0	27.0	-2.83
2.0	5.0	31.0	-2.7
20.0	1.0	-16.0	-2.74
28.0	26.0	-21.0	-3.31
-4.0	7.0	34.0	-2.23
44.0	9.0	-33.0	-3.17
19.0	1.0	-24.0	-3.12
35.0	-16.0	-14.0	-3.21
-5.0	12.0	29.0	-2.34
5.0	14.0	27.0	-2.83
2.0	5.0	31.0	-2.7
20.0	1.0	-16.0	-2.74
28.0	26.0	-21.0	-3.31
-4.0	7.0	34.0	-2.23

// Reference=40881782
// Subjects=97
3.0	-12.0	51.0	-5.946
51.0	-48.0	9.0	-4.752
36.0	-3.0	51.0	-5.144
-15.0	-69.0	-60.0	-3.425
21.0	-45.0	-21.0	-3.477
-27.0	-15.0	-42.0	6.472
-45.0	27.0	15.0	3.834
-24.0	-15.0	-39.0	5.574
-51.0	42.0	9.0	3.836
3.0	-12.0	51.0	-5.946
-27.0	-15.0	-42.0	6.472
-45.0	27.0	15.0	3.834
-15.0	-69.0	-60.0	-3.425
-24.0	-15.0	-39.0	5.574
21.0	-45.0	-21.0	-3.477
51.0	-48.0	9.0	-4.752
-51.0	42.0	9.0	3.836
36.0	-3.0	51.0	-5.144

// Reference=40995472
// Subjects=46
-24.0	-60.0	-30.0	5.5
9.0	6.0	33.0	4.882
39.0	-12.0	-9.0	4.864
-18.0	9.0	15.0	7.383
12.0	3.0	12.0	5.739
9.0	-39.0	3.0	5.287
-3.0	-57.0	3.0	6.592
6.0	-78.0	-6.0	5.565
-12.0	-39.0	-3.0	4.523
-30.0	-30.0	54.0	5.482
0.0	12.0	45.0	5.135
-3.0	-57.0	3.0	9.999
9.0	-42.0	21.0	4.803
9.0	-42.0	3.0	7.194
-9.0	-48.0	45.0	6.735
-6.0	-21.0	54.0	6.093
-24.0	-60.0	-30.0	5.5
9.0	6.0	33.0	4.882
39.0	-12.0	-9.0	4.864
-18.0	9.0	15.0	7.383
12.0	3.0	12.0	5.739
9.0	-39.0	3.0	5.287
-3.0	-57.0	3.0	6.592
6.0	-78.0	-6.0	5.565
-12.0	-39.0	-3.0	4.523
-30.0	-30.0	54.0	5.482
0.0	12.0	45.0	5.135
-3.0	-57.0	3.0	9.999
9.0	-42.0	21.0	4.803
9.0	-42.0	3.0	7.194
-9.0	-48.0	45.0	6.735
-6.0	-21.0	54.0	6.093

// Reference=41069516
// Subjects=103
51.0	-24.0	42.0	5.679
-27.0	9.0	51.0	4.981
36.0	12.0	48.0	5.319
3.0	-43.0	8.0	-3.205
-51.0	-3.0	33.0	4.245
48.0	-24.0	42.0	5.367
-33.0	-99.0	0.0	5.004
51.0	-24.0	39.0	6.335
-27.0	-6.0	54.0	6.776
-3.0	54.0	36.0	-3.393
27.0	63.0	15.0	-3.391
18.0	-78.0	0.0	4.89
-12.0	-72.0	-3.0	5.031
33.0	-6.0	54.0	6.363
18.0	-51.0	-12.0	5.714
48.0	-15.0	9.0	6.015
-36.0	-30.0	15.0	5.071
12.0	-21.0	3.0	5.146
39.0	42.0	33.0	-3.389

// Reference=41351443
// Subjects=66
-38.0	-15.0	59.0	2.652
18.0	-27.0	62.0	-3.281
-55.0	7.0	23.0	0.859
58.0	-3.0	17.0	1.13
-42.0	-3.0	11.0	0.978
-44.0	-6.0	49.0	1.77
-12.0	-12.0	6.0	1.441
41.0	-23.0	55.0	1.797
-4.0	-31.0	-4.0	1.282

// Reference=41641330
// Subjects=24
-40.0514	-19.6228	-21.0313	12.754
40.2885	-19.7507	-21.0315	12.754
-23.555	-9.365	-11.0149	10.905
23.825	-9.4404	-11.0151	10.905
-11.2278	-30.0133	6.9522	10.451
11.4322	-30.0494	6.9521	10.451
-35.9215	-13.427	-35.0214	10.088
36.1784	-13.5419	-35.0216	10.088
-9.1022	11.1579	23.0178	10.031
9.4378	11.1283	23.0177	10.031
-40.0514	-19.6228	-21.0313	6.824
-52.3851	-3.1263	-19.005	4.153
40.2885	-19.7507	-21.0315	6.824
52.6748	-3.2936	-19.0053	4.153
-40.0514	-19.6228	-21.0313	6.824
-52.3851	-3.1263	-19.005	4.153
40.2885	-19.7507	-21.0315	6.824
52.6748	-3.2936	-19.0053	4.153
-48.2224	23.6375	-12.9624	-5.277
48.5974	23.4833	-12.9626	-5.277

// Reference=41999225
// Subjects=180
-9.0	-6.0	16.5	4.649
7.5	10.5	16.5	3.799

// Reference=42131703
// Subjects=98
-9.0	36.0	-3.0	-4.498
45.0	-21.0	18.0	-4.532
-36.0	-51.0	-24.0	4.362
