// Analysis: other
// Studies: 24
// Total foci: 469
// Foci with t-values: 357
// Coordinate space: MNI
// All statistics converted to t-values

// Reference=20423216
// Subjects=15
0.0	-30.6	68.5	5.21
-5.0	-1.0	37.3	4.82
-12.1	-6.1	-3.2	5.6
-38.4	3.1	12.4	4.45
40.4	-10.2	18.6	4.17
-33.3	-15.3	12.4	3.78
-12.1	-12.2	20.7	5.0
19.2	-26.5	20.7	4.21
-4.0	-42.8	-28.2	5.22

// Reference=20838644
// Subjects=10
-28.0	-42.0	68.0	p
-26.0	-6.0	62.0	p
-44.0	34.0	26.0	p
-10.0	-50.0	6.0	p
-6.0	0.0	42.0	p
50.0	-26.0	48.0	p
50.0	-26.0	48.0	p

// Reference=23316257
// Subjects=22
42.4	20.4	-11.6	3.9
-62.6	-22.4	35.2	4.1
65.7	-22.4	38.4	3.9
-62.6	-22.4	21.7	4.2
-62.6	-25.5	33.2	4.3
65.7	-33.7	33.2	4.5
-53.5	-31.6	24.8	4.1
-56.6	0.0	6.1	4.0
-62.6	-31.6	24.8	4.0
-56.6	7.1	31.1	5.3
59.6	10.2	34.2	4.1
-53.5	10.2	22.8	4.4
59.6	12.2	19.6	4.3
-53.5	13.3	24.8	4.3
56.6	18.4	8.2	4.2
-53.5	20.4	2.0	4.0
53.5	20.4	5.1	4.4
-42.4	2.0	55.0	4.3
-50.5	5.1	40.4	3.8
53.5	8.2	40.4	3.9
-59.6	-16.3	38.4	4.5
62.6	-13.3	38.4	4.9
-56.6	4.1	34.2	5.0
59.6	0.0	11.3	4.1
-45.5	0.0	9.2	4.4
59.6	6.1	11.3	4.5
-62.6	-19.4	35.2	5.8
59.6	-19.4	35.2	4.5
-56.6	-23.5	18.6	6.4
62.6	-25.5	24.8	5.0
-50.5	-14.3	18.6	5.4
53.5	-17.3	20.7	5.3
-56.6	-28.6	28.0	5.7
56.6	-31.6	30.0	5.1
-15.2	-11.2	9.2	4.4
9.1	-11.2	6.1	3.9
-48.5	-22.4	21.7	6.4
48.5	-20.4	18.6	4.9
-33.3	0.0	11.3	4.5
36.4	-2.0	11.3	3.7
-27.3	3.1	3.0	4.0
-42.4	-3.1	-4.3	4.5
42.4	-9.2	-4.3	3.9
-42.4	-20.4	12.4	4.3
-56.6	6.1	5.1	6.6
59.6	3.1	8.2	5.7
-42.4	8.2	-8.4	4.1
45.5	8.2	-5.3	4.0
-53.5	-20.4	12.4	5.5
-62.6	-20.4	15.5	5.7
56.6	-28.6	18.6	4.0
-53.5	-23.5	15.5	5.7
50.5	-17.3	15.5	5.3
59.6	-14.3	15.5	4.9
-33.3	-66.3	-16.8	4.3
30.3	-72.4	-16.8	4.0
-27.3	-75.5	-30.3	4.6
30.3	-73.4	-30.3	4.1
-33.3	-75.5	-25.1	4.1
-33.3	-75.5	-22.0	3.9

// Reference=23691237
// Subjects=28
-2.0	58.1	24.8	7.773
2.0	58.1	11.3	6.449
-2.0	58.1	26.9	7.845
4.0	59.2	29.0	3.569
-2.0	55.1	2.0	4.31
4.0	47.9	12.4	2.995
-2.0	-50.0	29.0	3.502
2.0	-51.0	22.8	3.803
-38.4	17.3	-16.8	2.342
38.4	17.3	-16.8	2.412
-49.5	-64.3	35.2	2.602
51.5	-64.3	35.2	2.101
-46.5	-51.0	57.1	2.566
50.5	-42.8	61.2	1.57
-49.5	-64.3	33.2	2.578
53.5	-60.2	29.0	2.215
-2.0	58.1	24.8	7.773
2.0	58.1	11.3	6.449
-2.0	58.1	26.9	7.845
4.0	59.2	29.0	3.569
-2.0	55.1	24.8	4.31
4.0	47.9	12.4	2.995
-2.0	-50.0	29.0	3.502
2.0	-51.0	22.8	3.803
-38.4	17.3	-16.8	2.342
38.4	17.3	-16.8	2.412
-49.5	-64.3	35.2	2.602
51.5	-64.3	35.2	2.101
-46.5	-51.0	57.1	2.566
50.5	-42.8	61.2	1.57
-49.5	-64.3	33.2	2.578
53.5	-60.2	29.0	2.215
-2.0	58.1	24.8	7.773
2.0	58.1	11.3	6.449
-2.0	58.1	26.9	7.845
4.0	59.2	29.0	3.569
-2.0	55.1	24.8	4.31
4.0	47.9	12.4	2.995
-2.0	-50.0	29.0	3.502
2.0	-51.0	22.8	3.803
-38.4	17.3	-16.8	2.342
38.4	17.3	-16.8	2.412
-49.5	-64.3	35.2	2.602
51.5	-64.3	35.2	2.101
-46.5	-51.0	57.1	2.566
50.5	-42.8	61.2	1.57
-49.5	-64.3	33.2	2.578
53.5	-60.2	29.0	2.215

// Reference=24734108
// Subjects=17
26.0	40.0	-24.0	4.98
26.0	72.0	-8.0	5.2
52.0	50.0	-10.0	7.06
52.0	34.0	34.0	6.91
52.0	46.0	40.0	6.31
50.0	22.0	-6.0	3.69
-12.0	-14.0	60.0	3.86
10.0	30.0	-12.0	5.82
58.0	24.0	12.0	6.03
-24.0	64.0	-8.0	5.19
54.0	-2.0	24.0	3.6
-22.0	38.0	46.0	4.95
-52.0	18.0	0.0	4.16
-38.0	34.0	-14.0	3.74
18.0	34.0	16.0	4.32

// Reference=25452777
// Subjects=20
42.0	36.0	18.0	8.93
6.0	39.0	45.0	8.03
-12.0	-39.0	18.0	7.68
9.0	-42.0	-15.0	7.32
9.0	-30.0	21.0	7.26
3.0	-21.0	-30.0	6.35
3.0	-84.0	39.0	9.4
9.0	21.0	45.0	6.42
54.0	-54.0	42.0	5.21
42.0	36.0	18.0	8.93
6.0	39.0	45.0	8.03
-12.0	-39.0	18.0	7.68
9.0	-42.0	-15.0	7.32
9.0	-30.0	21.0	7.26
3.0	-21.0	-30.0	6.35
3.0	-84.0	39.0	9.4
9.0	21.0	45.0	6.42
54.0	-54.0	42.0	5.21
42.0	36.0	18.0	8.93
6.0	39.0	45.0	8.03
-12.0	-39.0	18.0	7.68
9.0	-42.0	-15.0	7.32
9.0	-30.0	21.0	7.26
3.0	-21.0	-30.0	6.35
3.0	-84.0	39.0	9.4
9.0	21.0	45.0	6.42
54.0	-54.0	42.0	5.21

// Reference=25741269
// Subjects=45
44.4	-47.9	0.9	8.74
-48.5	-21.4	4.0	-6.88
-31.3	20.4	0.9	-7.41
-14.1	17.3	57.1	-7.29
-48.5	-54.1	0.9	9.16
39.4	-21.4	-12.6	8.37
-42.4	-68.3	-23.0	-7.66
36.4	-33.7	-7.4	6.79
-50.5	-19.4	25.9	52.9
44.4	-19.4	25.9	22.59
14.1	-60.2	-39.6	19.38
-17.2	-63.2	-36.5	13.82
-28.3	-47.9	-20.9	13.74
19.2	-63.2	-9.5	13.86
-50.5	-68.3	12.4	10.89
52.5	-60.2	4.0	12.3
-6.1	-33.7	62.3	14.58
-39.4	-63.2	37.3	-10.96
-28.3	-44.9	-39.6	11.29
17.2	-41.8	37.3	-11.05
36.4	17.3	48.8	-10.61
-31.3	36.7	17.6	10.16
-11.1	-54.1	34.2	-10.27
33.3	-16.3	57.1	11.75
14.1	6.1	-9.5	11.44
25.2	11.2	9.2	11.95
-17.2	-33.7	67.5	11.91
-22.2	-36.7	70.6	15.53
-3.0	-30.6	40.4	-11.65
14.1	-44.9	-12.6	11.08
-22.2	11.2	7.2	10.41
39.4	-54.1	32.1	-9.84
3.0	-33.7	40.4	-10.63
-36.4	-27.5	62.3	10.11
-36.4	-54.1	12.4	10.59
-25.2	22.4	12.4	11.09
30.3	34.7	34.2	9.81
14.1	-41.8	70.6	11.04
-22.2	-24.5	70.6	10.82
30.3	-30.6	-4.3	-7.79
-34.3	-74.5	42.5	-8.45
-53.5	-57.1	23.8	-6.03

// Reference=26161117
// Subjects=28
20.0	27.0	60.0	3.342
3.0	50.0	22.0	8.608
-70.0	-54.0	5.0	-3.987
55.0	12.0	-30.0	-4.132
-60.0	-20.0	42.0	-3.16
66.0	-36.0	20.0	-8.797
-10.0	-3.0	-21.0	-2.833
30.0	-7.0	-21.0	5.627
-6.0	25.0	39.0	-2.982
19.0	-66.0	33.0	2.932
39.0	0.0	22.0	2.65
11.0	-60.0	-48.0	2.59
20.0	27.0	60.0	3.342
3.0	50.0	22.0	8.608
-70.0	-54.0	5.0	-3.987
55.0	12.0	-30.0	-4.132
-60.0	-20.0	42.0	-3.16
66.0	-36.0	20.0	-8.797
-10.0	-3.0	-21.0	-2.833
30.0	-7.0	-21.0	5.627
-6.0	25.0	39.0	-2.982
19.0	-66.0	33.0	2.932
39.0	0.0	22.0	2.65
11.0	-60.0	-48.0	2.59

// Reference=26211895
// Subjects=12
30.0	27.0	7.0	32.455
-11.0	14.0	44.0	16.165
11.0	16.0	41.0	15.688
-29.0	23.0	-2.0	14.959
-54.0	-21.0	30.0	10.682
-8.0	0.0	66.0	9.948
62.0	-16.0	23.0	9.629
-32.0	-5.0	43.0	9.273
-5.0	-24.0	27.0	8.38
5.0	-25.0	27.0	5.755
-10.0	-79.0	-4.0	5.124
31.0	-47.0	41.0	4.971
-12.0	-85.0	1.0	4.848
46.0	-32.0	39.0	4.586
5.0	-74.0	3.0	4.228
36.0	50.0	10.0	3.977
38.0	39.0	17.0	3.817
14.0	-67.0	37.0	3.701
52.0	-38.0	21.0	3.476
30.0	27.0	7.0	32.455
-11.0	14.0	44.0	16.165
11.0	16.0	41.0	15.688
-29.0	23.0	-2.0	14.959
-54.0	-21.0	30.0	10.682
-8.0	0.0	66.0	9.948
62.0	-16.0	23.0	9.629
-32.0	-5.0	43.0	9.273
-5.0	-24.0	27.0	8.38
5.0	-25.0	27.0	5.755
-10.0	-79.0	-4.0	5.124
31.0	-47.0	41.0	4.971
-12.0	-85.0	1.0	4.848
46.0	-32.0	39.0	4.586
5.0	-74.0	3.0	4.228
36.0	50.0	10.0	3.977
38.0	39.0	17.0	3.817
14.0	-67.0	37.0	3.701
52.0	-38.0	21.0	3.476
50.0	-62.0	23.0	8.559
-43.0	-67.0	24.0	7.241
-56.0	-10.0	-23.0	7.129
-21.0	25.0	36.0	6.635
-5.0	-61.0	22.0	6.467
9.0	-56.0	31.0	4.996
11.0	51.0	-7.0	4.563
-30.0	-26.0	-23.0	4.381
43.0	-19.0	49.0	3.857
24.0	30.0	34.0	3.059
9.0	50.0	15.0	3.009

// Reference=28443010
// Subjects=38
39.0	-33.0	63.0	p
39.0	-33.0	63.0	p

// Reference=28480365
// Subjects=45
36.0	-45.0	9.0	p

// Reference=29343693
// Subjects=47
-52.0	-72.0	4.0	6.732
-60.0	-22.0	18.0	6.194
-46.0	-2.0	56.0	5.96
62.0	-18.0	26.0	5.686
48.0	-70.0	2.0	5.626
-62.0	-22.0	42.0	5.479
48.0	6.0	32.0	5.304
26.0	-38.0	68.0	5.29
54.0	-32.0	26.0	5.261
30.0	-4.0	52.0	4.896
-32.0	-50.0	60.0	4.732
42.0	0.0	4.0	4.178
38.0	24.0	4.0	4.013
-50.0	-6.0	6.0	3.813
-56.0	12.0	4.0	3.763
10.0	4.0	44.0	3.751
-64.0	-8.0	2.0	3.653
48.0	-16.0	-12.0	3.4

// Reference=29951105
// Subjects=21
15.2	-18.4	75.8	6.68
-18.2	55.1	4.0	6.37

// Reference=31636536
// Subjects=43
2.0	64.0	-8.0	p
-6.0	-40.0	24.0	p
18.0	-38.0	72.0	p
-18.0	-38.0	72.0	p
4.0	24.0	26.0	p
38.0	10.0	4.0	p
-36.0	12.0	2.0	p
46.0	-4.0	2.0	p
-42.0	-16.0	-2.0	p

// Reference=33560579
// Subjects=12
-45.0	-48.0	15.0	3.13

// Reference=33776442
// Subjects=20
3.0	-42.0	27.0	5.408
51.0	-63.0	33.0	5.391
15.0	-66.0	12.0	4.116
45.0	-18.0	57.0	3.788
-42.0	-24.0	51.0	4.293
3.0	-42.0	27.0	5.408
51.0	-63.0	33.0	5.391
15.0	-66.0	12.0	4.116
45.0	-18.0	57.0	3.788
-42.0	-24.0	51.0	4.293
3.0	-42.0	27.0	5.408
51.0	-63.0	33.0	5.391
15.0	-66.0	12.0	4.116
45.0	-18.0	57.0	3.788
-42.0	-24.0	51.0	4.293

// Reference=34483822
// Subjects=17
-54.0	31.0	27.0	p
54.0	31.0	27.0	p
-59.0	8.0	39.0	p
59.0	8.0	39.0	p
-46.0	22.0	44.0	p
46.0	22.0	44.0	p
-60.0	-16.0	44.0	p
60.0	-16.0	44.0	p
-54.0	-31.0	55.0	p
54.0	-31.0	55.0	p
-47.0	42.0	25.0	p
47.0	42.0	25.0	p
-43.0	55.0	25.0	p
43.0	55.0	25.0	p
-41.0	35.0	45.0	p
41.0	35.0	45.0	p
-31.0	44.0	43.0	p
31.0	44.0	43.0	p
-54.0	-3.0	51.0	p
54.0	-3.0	51.0	p
-44.0	13.0	58.0	p
44.0	13.0	58.0	p
-45.0	-16.0	62.0	p
45.0	-16.0	62.0	p
-32.0	-3.0	62.0	p
32.0	-3.0	62.0	p
-32.0	60.0	19.0	p
32.0	60.0	19.0	p
-23.0	55.0	39.0	p
23.0	55.0	39.0	p
-14.0	67.0	30.0	p
14.0	67.0	30.0	p
-29.0	26.0	60.0	p
29.0	26.0	60.0	p
-21.0	36.0	58.0	p
21.0	36.0	58.0	p
-24.0	13.0	71.0	p
24.0	13.0	71.0	p
-5.0	24.0	67.0	p
5.0	24.0	67.0	p
-34.0	-29.0	71.0	p
34.0	-29.0	71.0	p
-26.0	-16.0	79.0	p
26.0	-16.0	79.0	p
-10.0	49.0	53.0	p
10.0	49.0	53.0	p
2.0	50.0	34.0	p
3.0	32.0	54.0	p

// Reference=35734477
// Subjects=105
0.0	30.6	52.9	3.974
-51.5	21.4	37.3	3.927
-15.2	-21.4	-25.1	4.243
18.2	24.5	24.8	4.959
9.1	64.3	15.5	3.992
27.3	-36.7	15.5	3.788
-33.3	-76.5	28.0	4.722
-48.5	42.8	12.4	3.763

// Reference=37901421
// Subjects=51
7.0	-34.0	-45.0	p
-7.0	-34.0	-45.0	p
6.0	-38.0	-55.0	p
-6.0	-38.0	-55.0	p
5.0	-42.0	-48.0	p
-5.0	-42.0	-48.0	p
1.0	-45.0	-54.0	p

// Reference=38651018
// Subjects=81
-7.12	-52.22	60.71	p
-39.63	-19.04	54.21	p
44.34	-7.55	56.98	p
-29.1	-43.0	60.66	p
2.4	-27.94	60.15	p
-2.88	2.38	53.21	p
6.52	7.69	50.58	p
25.34	-58.18	60.34	p
-16.5	-58.57	64.46	p
-35.44	20.03	0.07	p
35.91	21.91	2.62	p
-44.76	0.1	8.83	p
-10.28	-18.48	7.04	p
11.75	-17.18	7.54	p
-51.26	8.26	-2.06	p
23.33	33.07	47.68	p
-16.4	28.52	53.05	p
-35.36	19.86	50.8	p
6.11	63.98	21.96	p
-2.06	37.85	36.34	p
26.07	49.56	26.58	p
47.6	22.16	9.74	p
-42.09	-54.98	44.74	p
-17.65	63.19	-9.17	p
-46.17	31.26	-13.03	p
-3.06	44.41	-9.46	p
-2.5	41.7	16.05	p
7.51	42.49	-5.35	p
12.25	35.63	20.3	p
7.94	-48.37	30.57	p
15.12	-63.09	25.98	p
-2.2	-36.68	43.85	p
-45.79	-60.69	20.85	p
-43.58	11.99	-34.15	p
64.64	-11.8	-19.3	p
58.31	-52.79	-13.61	p
43.93	-52.95	46.95	p
-33.93	-38.06	-15.6	p

// Reference=39468590
// Subjects=118
-39.4	20.4	5.1	12.8
33.3	20.4	9.2	13.5
-8.1	36.7	23.8	8.8
5.0	23.5	28.0	9.6
9.1	-19.4	-5.3	6.3
-8.1	-26.5	10.3	7.5
-46.5	40.8	28.0	5.7
44.4	36.7	20.7	5.8
-2.0	-18.4	62.3	4.8

// Reference=39648209
// Subjects=35
44.4	-47.9	0.9	8.74
-48.5	-54.1	0.9	9.16
39.4	-21.4	-12.6	8.37
36.4	-33.7	-7.4	6.79
-48.5	-21.4	4.0	-6.88
-31.3	20.4	0.9	-7.41
-14.1	17.3	57.1	-7.29
-42.4	-68.3	-23.0	-7.66

// Reference=39877657
// Subjects=27
-18.0	-54.0	0.0	3.685
-27.0	-67.0	19.0	7.57
24.0	-61.0	-47.0	6.48
51.0	-13.0	28.0	6.35
51.0	-13.0	28.0	6.35
39.0	-73.0	28.0	5.74
66.0	-40.0	37.0	4.89
15.0	-61.0	67.0	4.57
-66.0	-34.0	34.0	4.57
24.0	-4.0	64.0	4.56
-36.0	-28.0	37.0	4.47
-24.0	-1.0	64.0	4.35
-24.0	-1.0	64.0	4.35
42.0	14.0	4.0	4.3
42.0	14.0	4.0	4.3
42.0	14.0	4.0	4.3
-12.0	-79.0	46.0	4.24
9.0	-37.0	43.0	4.15
-33.0	44.0	34.0	3.8
-27.0	-49.0	49.0	3.78

// Reference=41022570
// Subjects=30
-15.0	-57.0	-39.0	14.322
0.0	45.0	8.0	13.343
