// Analysis: sham_gt_rest (tissue level 1)
// Studies: 10
// Total foci: 343
// Foci with t-values: 343
// Coordinate space: MNI
// All statistics converted to t-values

// Reference=25525442
// Subjects=31
-1.5	4.6	36.8	8.17
-1.5	26.0	30.6	6.23
25.8	-10.7	30.6	6.84
-40.9	-53.6	27.4	4.82
22.7	4.6	24.3	4.56
22.7	-62.7	-47.4	5.36
-1.5	4.6	36.8	8.17
-1.5	26.0	30.6	6.23
25.8	-10.7	30.6	6.84
-40.9	-53.6	27.4	4.82
22.7	4.6	24.3	4.56
22.7	-62.7	-47.4	5.36

// Reference=25741269
// Subjects=45
36.4	0.0	-4.3	22.48
-34.3	-8.2	7.2	16.14
55.5	-19.4	29.0	17.84
-48.5	-19.4	23.8	15.99
-25.2	-38.8	0.9	-15.45
33.3	-21.4	50.8	-13.0
-11.1	-68.3	-39.6	14.62
-22.2	-77.5	42.5	-11.76
19.2	-16.3	73.7	-12.98
-28.3	-19.4	-12.6	-10.91
-56.6	-21.4	-1.2	-11.23
-39.4	-57.1	40.4	-11.06
6.1	-33.7	67.5	-11.85
33.3	-38.8	0.9	-16.07
-20.2	54.1	23.8	-10.36
-8.1	-57.1	23.8	-10.44
-14.1	31.6	54.0	-10.93
-6.1	49.0	45.6	-10.97
-25.2	-54.1	54.0	-10.66
28.3	-63.2	57.1	-11.23
8.1	-54.1	17.6	-9.83
3.0	3.1	34.2	10.79
25.2	-36.7	-9.5	-10.19
36.4	-71.4	12.4	-9.99
30.3	-74.5	37.3	-10.66
-6.1	-47.9	-7.4	-10.97
30.3	-65.3	32.1	-10.02
44.4	-11.2	54.0	-11.41
-50.5	-19.4	25.9	20.91
33.3	20.4	0.9	21.03
36.4	-68.3	4.0	-14.44
58.6	-21.4	42.5	17.67
-28.3	-80.6	40.4	-11.9
-14.1	-68.3	-36.5	16.18
-8.1	51.0	37.3	-12.76
41.4	-57.1	29.0	-12.81
-25.2	28.6	54.0	-11.26
-25.2	-30.6	-4.3	-12.5
-6.1	-16.3	34.2	12.3
6.1	14.3	48.8	11.15
52.5	-8.2	-9.5	-11.8
-6.1	57.1	9.2	-11.43
6.1	25.5	25.9	11.9
30.3	-74.5	32.1	-10.74
6.1	-33.7	65.4	-13.62
25.2	-68.3	23.8	-12.91
25.2	17.3	50.8	-11.13
6.1	-16.3	34.2	11.1
6.1	11.2	32.1	9.89
-3.0	0.0	42.5	10.35
28.3	-11.2	-12.6	-11.96
-31.3	20.4	42.5	-11.38
22.2	-24.5	54.0	-10.99
17.2	-68.3	-12.6	10.2
14.1	-24.5	73.7	-11.34
-25.2	8.2	-4.3	16.29
8.1	6.1	15.5	10.29
-50.5	-19.4	23.8	83.81
50.5	-16.3	17.6	28.31
6.1	6.1	48.8	29.27
-14.1	-63.2	-42.8	18.8
11.1	-65.3	-42.8	14.6
-31.3	-74.5	42.5	-16.54
41.4	-60.2	45.6	-11.78
19.2	-54.1	-15.7	14.49
-45.5	-54.1	9.2	13.05
-17.2	-57.1	-15.7	14.46
50.5	-54.1	7.2	12.99
19.2	-36.7	65.4	18.09
14.1	-24.5	45.6	12.75
39.4	25.5	42.5	-13.82
-22.2	-44.9	-20.9	12.08
30.3	-30.6	-4.3	-13.15
47.5	31.6	20.7	-10.71
-31.3	17.3	59.2	-14.02
33.3	-74.5	37.3	-10.46
-42.4	-27.5	59.2	15.1
28.3	28.6	0.9	11.21
25.2	49.0	-7.4	13.2
-56.6	-57.1	12.4	10.5
-6.1	-60.2	34.2	-9.79
17.2	22.4	50.8	-9.76
28.3	-33.7	62.3	11.33
-50.5	-19.4	23.8	79.22
58.6	-19.4	25.9	35.2
-3.0	3.1	45.6	24.16
6.1	6.1	48.8	22.23
14.1	-65.3	-42.8	17.17
-45.5	-54.1	12.4	14.47
-39.4	-47.9	-12.6	22.08
41.4	-38.8	-9.5	16.87
-25.2	-54.1	-44.8	14.16
19.2	0.0	-9.5	20.29
22.2	-38.8	62.3	11.41
11.1	-21.4	45.6	14.04
-11.1	-65.3	-42.8	15.1
-8.1	-27.5	48.8	14.41
47.5	-65.3	-4.3	11.02
-31.3	0.0	-31.3	10.74
-39.4	-24.5	-12.6	12.39
33.3	-38.8	-23.0	10.67
-31.3	39.8	17.6	10.72
14.1	11.2	20.7	-11.89
-17.2	-3.1	73.7	10.8
-36.4	-60.2	-9.5	10.1
36.4	0.0	-4.3	22.48
-34.3	-8.2	7.2	16.14
55.5	-19.4	29.0	17.84
-48.5	-19.4	23.8	15.99
-11.1	-68.3	-39.6	14.62
3.0	3.1	34.2	10.79
-50.5	-19.4	25.9	20.91
33.3	20.4	0.9	21.03
58.6	-21.4	42.5	17.67
-14.1	-68.3	-36.5	16.18
-6.1	-16.3	34.2	12.3
6.1	14.3	48.8	11.15
6.1	25.5	25.9	11.9
6.1	11.2	32.1	9.89
6.1	-16.3	34.2	11.1
-3.0	0.0	42.5	10.35
17.2	-68.3	-12.6	10.2
-25.2	8.2	-4.3	16.29
8.1	6.1	15.5	10.29
-50.5	-19.4	23.8	83.81
50.5	-16.3	17.6	28.31
6.1	6.1	48.8	29.27
-14.1	-63.2	-42.8	18.8
11.1	-65.3	-42.8	14.6
19.2	-54.1	-15.7	14.49
-45.5	-54.1	9.2	13.05
-17.2	-57.1	-15.7	14.46
50.5	-54.1	7.2	12.99
19.2	-36.7	65.4	18.09
14.1	-24.5	45.6	12.75
-22.2	-44.9	-20.9	12.08
28.3	28.6	0.9	11.21
25.2	49.0	-7.4	13.2
-56.6	-57.1	12.4	10.5
28.3	-33.7	62.3	11.33
-50.5	-19.4	23.8	79.22
58.6	-19.4	25.9	35.2
-3.0	3.1	45.6	24.16
6.1	6.1	48.8	22.23
14.1	-65.3	-42.8	17.17
-45.5	-54.1	12.4	14.47
-39.4	-47.9	-12.6	22.08
41.4	-38.8	-9.5	16.87
-25.2	-54.1	-44.8	14.16
19.2	0.0	-9.5	20.29
22.2	-38.8	62.3	11.41
11.1	-21.4	45.6	14.04
-11.1	-65.3	-42.8	15.1
-8.1	-27.5	48.8	14.41
47.5	-65.3	-4.3	11.02
-31.3	0.0	-31.3	10.74
-39.4	-24.5	-12.6	12.39
33.3	-38.8	-23.0	10.67
-31.3	39.8	17.6	10.72
-17.2	-3.1	73.7	10.8
-36.4	-60.2	-9.5	10.1

// Reference=26161117
// Subjects=28
-39.0	-12.0	15.0	-4.147
-40.0	0.0	20.0	-3.945
-23.0	-10.0	14.0	-3.329
-27.0	3.0	57.0	5.071
-48.0	39.0	21.0	4.776
30.0	42.0	24.0	4.28
37.0	43.0	20.0	3.916
30.0	25.0	30.0	3.623
-15.0	-3.0	3.0	8.092
-12.0	0.0	0.0	5.736
19.0	23.0	8.0	4.118
8.0	3.0	3.0	5.484
3.0	2.0	7.0	3.329
-27.0	-36.0	-6.0	6.328
-20.0	-23.0	0.0	3.93
-19.0	34.0	3.0	3.355
-24.0	-35.0	0.0	3.623
6.0	-57.0	36.0	6.074
5.0	-50.0	42.0	4.586
-4.0	-66.0	22.0	4.386
27.0	-42.0	-27.0	3.789
-28.0	-44.0	-34.0	3.93
34.0	-22.0	-20.0	3.651
-32.0	-10.0	20.0	3.637
-39.0	-12.0	15.0	-4.147
-40.0	0.0	20.0	-3.945
-23.0	-10.0	14.0	-3.329
-27.0	3.0	57.0	5.071
-48.0	39.0	21.0	4.776
30.0	42.0	24.0	4.28
37.0	43.0	20.0	3.916
30.0	25.0	30.0	3.623
-15.0	-3.0	3.0	8.092
-12.0	0.0	0.0	5.736
19.0	23.0	8.0	4.118
8.0	3.0	3.0	5.484
3.0	2.0	7.0	3.329
-27.0	-36.0	-6.0	6.328
-20.0	-23.0	0.0	3.93
-19.0	34.0	3.0	3.355
-24.0	-35.0	0.0	3.623
6.0	-57.0	36.0	6.074
5.0	-50.0	42.0	4.586
-4.0	-66.0	22.0	4.386
27.0	-42.0	-27.0	3.789
-28.0	-44.0	-34.0	3.93
34.0	-22.0	-20.0	3.651
-32.0	-10.0	20.0	3.637
-27.0	3.0	57.0	5.071
-48.0	39.0	21.0	4.776
30.0	42.0	24.0	4.28
37.0	43.0	20.0	3.916
30.0	25.0	30.0	3.623
-15.0	-3.0	3.0	8.092
-12.0	0.0	0.0	5.736
19.0	23.0	8.0	4.118
8.0	3.0	3.0	5.484
3.0	2.0	7.0	3.329
-27.0	-36.0	-6.0	6.328
-20.0	-23.0	0.0	3.93
-19.0	34.0	3.0	3.355
-24.0	-35.0	0.0	3.623
6.0	-57.0	36.0	6.074
5.0	-50.0	42.0	4.586
-4.0	-66.0	22.0	4.386
27.0	-42.0	-27.0	3.789
-28.0	-44.0	-34.0	3.93
34.0	-22.0	-20.0	3.651
-32.0	-10.0	20.0	3.637

// Reference=26211895
// Subjects=12
30.0	27.0	7.0	32.455
-27.0	-1.0	47.0	29.484
-12.0	24.0	33.0	23.984
-29.0	-48.0	39.0	19.796
-29.0	22.0	-3.0	15.877
11.0	16.0	41.0	15.688
31.0	-48.0	46.0	13.158
7.0	-72.0	45.0	11.229
-14.0	-90.0	2.0	9.84
62.0	-16.0	23.0	9.629
28.0	-68.0	-4.0	6.115
24.0	43.0	-10.0	5.668
17.0	-99.0	-3.0	2.944
30.0	27.0	7.0	32.455
-27.0	-1.0	47.0	29.484
-12.0	24.0	33.0	23.984
-29.0	-48.0	39.0	19.796
-29.0	22.0	-3.0	15.877
11.0	16.0	41.0	15.688
31.0	-48.0	46.0	13.158
7.0	-72.0	45.0	11.229
-14.0	-90.0	2.0	9.84
62.0	-16.0	23.0	9.629
28.0	-68.0	-4.0	6.115
24.0	43.0	-10.0	5.668
17.0	-99.0	-3.0	2.944
6.0	-50.0	21.0	9.894
50.0	-62.0	23.0	8.559
-8.0	-57.0	10.0	8.336
-57.0	-11.0	-22.0	7.626
-43.0	-67.0	24.0	7.241
-21.0	25.0	36.0	6.772
54.0	-2.0	-31.0	5.176
9.0	56.0	15.0	5.022
35.0	-20.0	50.0	4.059
30.0	27.0	7.0	32.455
-27.0	-1.0	47.0	29.484
-12.0	24.0	33.0	23.984
-29.0	-48.0	39.0	19.796
-29.0	22.0	-3.0	15.877
11.0	16.0	41.0	15.688
31.0	-48.0	46.0	13.158
7.0	-72.0	45.0	11.229
-14.0	-90.0	2.0	9.84
62.0	-16.0	23.0	9.629
28.0	-68.0	-4.0	6.115
24.0	43.0	-10.0	5.668
17.0	-99.0	-3.0	2.944

// Reference=29951105
// Subjects=21
-47.0	-7.7	36.8	10.425
13.6	35.2	39.9	12.005
-10.6	-19.9	58.6	6.029

// Reference=30105065
// Subjects=49
9.0	-57.0	-18.0	4.5
60.0	6.0	9.0	4.17
-15.0	-33.0	-24.0	4.21
-9.0	-87.0	-33.0	4.19
-45.0	-48.0	39.0	3.95
-15.0	-63.0	-18.0	3.78
9.0	-57.0	-18.0	4.5
6.0	-57.0	-24.0	7.02
-30.0	-75.0	-30.0	5.75
9.0	-57.0	-18.0	4.5
60.0	6.0	9.0	4.17
-15.0	-33.0	-24.0	4.21
-9.0	-87.0	-33.0	4.19
-45.0	-48.0	39.0	3.95
-15.0	-63.0	-18.0	3.78
9.0	-57.0	-18.0	4.5
6.0	-57.0	-24.0	7.02
-30.0	-75.0	-30.0	5.75

// Reference=35048524
// Subjects=60
6.1	-75.5	44.6	4.52

// Reference=39468590
// Subjects=118
-6.1	36.7	22.8	4.1
5.0	32.6	26.9	4.3
-46.5	5.1	35.2	4.0
46.5	38.8	20.7	4.2
-1.0	-21.4	62.3	3.9
-65.7	-17.3	18.6	6.3
62.6	-23.5	18.6	6.5

// Reference=39648209
// Subjects=35
36.4	0.0	-4.3	22.48
-34.3	-8.2	7.2	16.14
55.5	-19.4	29.0	17.84
-48.5	-19.4	23.8	15.99
-11.1	-68.3	-39.6	14.62
3.0	3.1	34.2	10.79
44.4	-11.2	54.0	-11.41
-50.5	-19.4	25.9	20.91
33.3	20.4	0.9	21.03
58.6	-21.4	42.5	17.67
-14.1	-68.3	-36.5	16.18
-6.1	-16.3	34.2	12.3
6.1	14.3	48.8	11.15
6.1	25.5	25.9	11.9
6.1	-33.7	65.4	-13.62
6.1	-16.3	34.2	11.1
6.1	11.2	32.1	9.89
-3.0	0.0	42.5	10.35
-25.2	8.2	-4.3	16.29
8.1	6.1	15.5	10.29

// Reference=40022556
// Subjects=197
-3.0	-80.6	2.0	13.51
3.0	-82.6	7.2	13.13
-3.0	-94.9	8.2	13.24
15.2	-82.6	10.3	13.02
