// Analysis: sham_gt_rest (tissue level 3)
// Studies: 5
// Total foci: 138
// Foci with t-values: 136
// Coordinate space: MNI
// All statistics converted to t-values

// Reference=21080967
// Subjects=48
0.0	-27.0	-9.0	p
0.0	35.0	27.0	6.489
15.0	-36.0	42.0	6.046
42.0	-81.0	27.0	4.56
0.0	-27.0	-9.0	p
45.0	21.0	15.0	6.62
42.0	27.0	3.0	6.409
0.0	35.0	27.0	6.489
63.0	-24.0	42.0	6.506
-66.0	-33.0	33.0	6.377
15.0	-36.0	42.0	6.046
42.0	-81.0	27.0	4.56

// Reference=24062782
// Subjects=59
-53.5	14.3	28.0	-4.01
-20.2	-26.5	68.5	-2.86
-56.6	-23.5	34.2	3.31
-62.6	-26.5	28.0	3.71
56.6	-29.6	31.1	3.36
-32.3	-23.5	12.4	3.2
-50.5	8.2	-1.2	3.55
65.7	-32.6	18.6	3.18
-47.5	-35.7	2.0	-4.53
-20.2	-29.6	-13.6	3.01
32.3	-26.5	-10.5	-5.38
-8.1	-78.5	-29.2	3.38
35.4	-54.1	-51.1	4.07
-5.0	-29.6	-19.9	3.28

// Reference=24963329
// Subjects=15
-54.5	-68.3	-15.7	2.579
-60.6	-28.6	19.6	3.877
66.7	-34.7	35.2	3.382
-51.5	-56.1	-11.6	4.358

// Reference=29343693
// Subjects=47
14.1	10.2	-4.3	-4.36
-19.2	-5.1	-8.4	-3.99
3.0	30.6	-3.2	-4.69
-2.0	32.6	3.0	-3.59
-2.0	5.1	6.1	-3.71
2.0	-3.1	37.3	-5.39
-3.0	-40.8	35.2	-4.96
4.0	-61.2	22.8	-4.23
-3.0	-49.0	13.4	-4.53
34.3	18.4	6.1	-4.59
-32.3	14.3	11.3	-6.36
49.5	13.3	-4.3	-7.85
49.5	13.3	-4.3	-7.85
-52.5	10.2	-1.2	-4.93
4.0	65.3	4.0	-9.06
-2.0	62.2	14.4	-7.18
-10.1	62.2	3.0	-8.9
5.0	17.3	-10.5	-4.77
-1.0	27.5	-9.5	-6.11
-9.1	-12.2	10.3	-4.44
-8.1	12.2	11.3	-3.44
19.2	12.2	0.9	-7.19
-22.2	8.2	5.1	-4.77
-8.1	-10.2	20.7	-3.51
6.1	-13.3	13.4	-3.93
-6.1	-13.3	14.4	-5.74
-11.1	-26.5	14.4	-3.5
55.5	-25.5	25.9	-13.0
-55.5	-22.4	33.2	-4.2
53.5	-36.7	45.6	-5.76
-47.5	-35.7	29.0	-8.15
39.4	4.1	52.9	-4.17
2.0	-72.4	-22.0	-4.9
-2.0	-72.4	-22.0	-4.9
2.0	-69.4	-22.0	-4.6
-2.0	-69.4	-22.0	-7.14
10.1	-60.2	-6.4	-3.45
-9.1	-60.2	-9.5	-3.95
8.1	-75.5	-12.6	-6.5
-10.1	-75.5	-18.8	-5.46
5.0	-80.6	-22.0	-5.85
-7.1	-81.6	-19.9	-5.85
8.1	-84.7	-19.9	-3.88
-4.0	-84.7	-23.0	-3.97
2.0	-77.5	-35.5	-4.75
-7.1	-75.5	-35.5	-3.97
30.3	-72.4	-41.7	-5.87
-22.2	-72.4	-41.7	-7.46
-9.1	-47.9	-35.5	-6.06
28.3	-38.8	-22.0	-5.7
34.3	-64.3	-17.8	-8.83
-24.2	-65.3	-15.7	-8.7
38.4	-66.3	-19.9	-7.47
-44.4	-72.4	-19.9	-5.85
38.4	-81.6	-32.4	-3.4
-30.3	-81.6	-32.4	-3.6
-14.1	-63.2	-28.2	-4.17
-52.0	-72.0	4.0	6.732
-32.0	-54.0	56.0	6.435
-60.0	-22.0	18.0	6.194
48.0	-72.0	2.0	5.991
44.0	6.0	30.0	5.975
-46.0	-2.0	56.0	5.96
60.0	-18.0	24.0	5.761
4.0	12.0	56.0	5.567
-62.0	-22.0	42.0	5.479
-38.0	0.0	46.0	5.479
26.0	-38.0	68.0	5.29
54.0	-32.0	26.0	5.261
-14.0	-82.0	40.0	4.993
28.0	-78.0	26.0	4.91
-50.0	-28.0	52.0	4.841
-43.0	4.0	33.0	4.786
-8.0	-78.0	-44.0	4.718
-66.0	-42.0	18.0	4.637
14.0	6.0	64.0	4.597
-28.0	-48.0	68.0	4.557
-62.0	4.0	6.0	4.504
58.0	30.0	6.0	4.372
-28.0	-90.0	30.0	4.281
10.0	-4.0	76.0	4.242
54.0	-10.0	-18.0	4.229
42.0	0.0	4.0	4.178
-51.0	35.0	14.0	4.152
10.0	-42.0	56.0	3.987
-46.0	-10.0	6.0	3.887
10.0	4.0	44.0	3.751
34.0	-84.0	-6.0	3.714
-56.0	10.0	-10.0	3.665
-42.0	-66.0	-18.0	3.269
-45.0	36.0	17.0	3.176
45.0	32.0	19.0	3.001
45.0	-56.0	-18.0	2.944
8.0	-80.0	-46.0	5.333
18.0	-4.0	16.0	3.592
6.0	-14.0	6.0	3.496

// Reference=41351443
// Subjects=66
-3.0	27.0	27.0	4.81
3.0	33.0	24.0	4.96
-3.0	6.0	45.0	5.01
3.0	6.0	42.0	5.27
-9.0	-12.0	0.0	5.26
9.0	-12.0	0.0	6.98
-36.0	18.0	-9.0	4.99
33.0	21.0	-9.0	5.0
-59.0	-9.0	6.0	5.11
51.0	-9.0	12.0	5.37
-51.0	-18.0	15.0	5.03
63.0	-24.0	24.0	6.4

// Analysis: sham_gt_rest (tissue level 4)
// Studies: 5
// Total foci: 130
// Foci with t-values: 130
// Coordinate space: MNI
// All statistics converted to t-values

// Reference=25228908
// Subjects=9
-52.0	-72.0	4.0	26.85
-32.0	-54.0	56.0	23.184
-60.0	-22.0	18.0	20.579
48.0	-72.0	2.0	18.6
44.0	6.0	30.0	18.458
-46.0	-2.0	56.0	18.317
60.0	-18.0	24.0	16.594
4.0	12.0	56.0	15.063
-62.0	-22.0	42.0	14.415
-38.0	0.0	46.0	14.415
26.0	-38.0	68.0	13.121
54.0	-32.0	26.0	12.935
-14.0	-82.0	40.0	11.315
28.0	-78.0	26.0	10.855
-50.0	-28.0	52.0	10.489
-43.0	4.0	33.0	10.207
-8.0	-78.0	-44.0	9.867
-66.0	-42.0	18.0	9.477
14.0	6.0	64.0	9.288
-28.0	-48.0	68.0	9.105
-62.0	4.0	6.0	8.866
58.0	30.0	6.0	8.302
-28.0	-90.0	30.0	7.933
10.0	-4.0	76.0	7.78
54.0	-10.0	-18.0	7.73
42.0	0.0	4.0	7.534
-51.0	35.0	14.0	7.438
10.0	-42.0	56.0	6.847
-46.0	-10.0	6.0	6.511
10.0	4.0	44.0	6.079
34.0	-84.0	-6.0	5.967
-56.0	10.0	-10.0	5.821
-42.0	-66.0	-18.0	4.756
-45.0	36.0	17.0	4.53
45.0	32.0	19.0	4.136
45.0	-56.0	-18.0	4.012
8.0	-80.0	-46.0	13.407
18.0	-4.0	16.0	5.609
6.0	-14.0	6.0	5.34

// Reference=29343693
// Subjects=47
-52.0	-72.0	4.0	6.732
-32.0	-54.0	56.0	6.435
-60.0	-22.0	18.0	6.194
48.0	-72.0	2.0	5.991
44.0	6.0	30.0	5.975
-46.0	-2.0	56.0	5.96
60.0	-18.0	24.0	5.761
4.0	12.0	56.0	5.567
-62.0	-22.0	42.0	5.479
-38.0	0.0	46.0	5.479
26.0	-38.0	68.0	5.29
54.0	-32.0	26.0	5.261
-14.0	-82.0	40.0	4.993
28.0	-78.0	26.0	4.91
-50.0	-28.0	52.0	4.841
-43.0	4.0	33.0	4.786
-8.0	-78.0	-44.0	4.718
-66.0	-42.0	18.0	4.637
14.0	6.0	64.0	4.597
-28.0	-48.0	68.0	4.557
-62.0	4.0	6.0	4.504
58.0	30.0	6.0	4.372
-28.0	-90.0	30.0	4.281
10.0	-4.0	76.0	4.242
54.0	-10.0	-18.0	4.229
42.0	0.0	4.0	4.178
-51.0	35.0	14.0	4.152
10.0	-42.0	56.0	3.987
-46.0	-10.0	6.0	3.887
10.0	4.0	44.0	3.751
34.0	-84.0	-6.0	3.714
-56.0	10.0	-10.0	3.665
-42.0	-66.0	-18.0	3.269
-45.0	36.0	17.0	3.176
45.0	32.0	19.0	3.001
45.0	-56.0	-18.0	2.944
8.0	-80.0	-46.0	5.333
18.0	-4.0	16.0	3.592
6.0	-14.0	6.0	3.496

// Reference=36530635
// Subjects=52
30.3	-39.8	55.0	4.228
51.5	-34.7	24.8	4.228
-53.5	-27.5	23.8	4.228
-57.6	-44.9	18.6	2.407
62.6	-52.0	8.2	4.228
-44.4	-69.4	14.4	3.892
60.6	6.1	15.5	4.228
-52.5	4.1	9.2	4.228
35.4	16.3	3.0	4.228
39.4	-8.2	3.0	4.228
-39.4	-14.3	9.2	4.228
-5.0	13.3	34.2	2.473
6.1	17.3	33.2	4.228
35.4	-8.2	55.0	4.228
-37.4	-9.2	62.3	4.228
9.1	9.2	54.0	4.228
-10.1	0.0	64.4	4.228
-11.1	-44.9	68.5	-3.146
35.4	44.9	23.8	4.228
-44.4	34.7	8.2	4.228
16.2	18.4	11.3	2.986
-10.1	8.2	13.4	2.929
26.3	-2.0	5.1	2.974
-24.2	6.1	11.3	3.134
-30.3	-61.2	-22.0	3.088

// Reference=39089662
// Subjects=50
-11.1	38.8	55.0	4.11
-59.6	-39.8	39.4	6.05
52.5	-24.5	17.6	6.06
-62.6	-18.4	26.9	7.1

// Reference=40634927
// Subjects=74
-53.5	-32.6	45.6	2.954
-39.4	13.3	4.0	3.736
49.5	9.2	4.0	2.758
-57.6	15.3	6.1	4.658
55.5	-22.4	9.2	2.91
59.6	-53.0	22.8	3.805
64.6	-40.8	11.3	3.453
-58.6	13.3	-3.2	3.691
-55.5	-59.2	0.9	3.851
53.5	-54.1	0.9	4.744
-53.5	-39.8	45.6	3.453
-65.7	-26.5	26.9	3.759
53.5	-34.7	28.0	4.119
-57.6	-27.5	47.7	3.285
-40.4	17.3	9.2	3.691
48.5	26.5	11.3	4.285
-55.5	-5.1	11.3	4.731
51.5	-15.3	13.4	3.794
-52.5	10.2	-3.2	3.43
58.6	6.1	-3.2	3.419
-50.5	-66.3	15.5	3.944
-60.6	-32.6	26.9	3.52
53.5	-34.7	19.6	3.274