// Analysis: verum_gt_rest
// Studies: 31
// Total foci: 835
// Foci with t-values: 823
// Coordinate space: MNI
// All statistics converted to t-values

// Reference=19559684
// Subjects=48
-60.6	-12.2	21.7	6.3
-59.6	-20.4	20.7	11.62
61.6	-19.4	22.8	7.85
-28.3	23.5	0.9	5.15
29.3	19.4	4.0	14.66
-9.1	31.6	36.3	4.3
-4.0	-31.6	26.9	6.33
3.0	-29.6	31.1	6.76
-7.1	-7.1	8.2	5.29
5.0	-7.1	8.2	5.0

// Reference=20423216
// Subjects=15
43.4	8.2	40.4	3.76
-51.5	5.1	19.6	4.62
-44.4	-21.4	12.4	4.13
-61.6	-24.5	30.0	6.24
54.5	-28.6	28.0	4.72
-10.1	-6.1	-3.2	6.58
-7.1	-19.4	13.4	6.44
-38.4	-7.1	0.9	5.64
-3.0	-47.9	-31.3	5.4
47.5	-51.0	39.4	3.25
6.1	-25.5	10.3	3.77
-32.3	-60.2	-45.9	4.41

// Reference=21080967
// Subjects=48
-3.0	-27.0	-6.0	p
3.0	21.0	45.0	6.077
45.0	-39.0	33.0	5.346
12.0	-66.0	45.0	4.48
-9.0	-63.0	42.0	4.415
-57.0	-39.0	30.0	4.337
-6.0	-9.0	69.0	3.968
-42.0	-54.0	51.0	3.955
-33.0	-21.0	39.0	3.893

// Reference=23316257
// Subjects=22
-15.2	-23.5	2.0	5.57
9.1	-15.3	0.9	5.97
42.4	20.4	-11.6	7.2
-48.5	-3.1	9.2	6.4
56.6	-3.1	9.2	6.3
-9.1	13.3	36.3	6.6
-18.2	-35.7	70.6	7.91
65.7	-22.4	35.2	6.05
-53.5	-28.6	24.8	7.46
-65.7	-31.6	33.2	8.14
59.6	-42.8	42.5	7.13
9.1	-17.3	4.0	6.68
-15.2	-20.4	10.3	6.4
-50.5	-31.6	21.7	7.21
-36.4	0.0	6.1	6.09
-59.6	-34.7	24.8	6.57
59.6	9.2	-0.1	6.51
-15.2	-63.2	-23.0	8.19
-18.2	-66.3	-19.9	7.37
-15.2	-66.3	-25.1	6.81
-18.2	-69.4	-22.0	6.48

// Reference=23840533
// Subjects=18
-48.0	-26.0	38.0	6.23
58.0	-22.0	26.0	8.48
42.0	56.0	10.0	6.38
52.0	-52.0	-4.0	6.81
48.0	8.0	0.0	4.68
-16.0	-68.0	-44.0	6.52
-48.0	-40.0	26.0	6.64
68.0	-22.0	28.0	7.87
12.0	-48.0	74.0	5.26
8.0	-20.0	68.0	6.01
-38.0	46.0	-12.0	5.0
42.0	42.0	-10.0	5.52
-52.0	-58.0	4.0	5.07
16.0	-14.0	-4.0	5.73
-24.0	2.0	20.0	4.69
-30.0	-62.0	-48.0	6.36
26.0	-66.0	-26.0	5.27
38.0	-16.0	64.0	-5.82
-20.0	-8.0	-30.0	-5.37
30.0	-20.0	-26.0	-5.45
-48.0	-26.0	38.0	6.23
58.0	-22.0	26.0	8.48
42.0	56.0	10.0	6.38
52.0	-52.0	-4.0	6.81
48.0	8.0	0.0	4.68
-16.0	-68.0	-44.0	6.52
-48.0	-40.0	26.0	6.64
68.0	-22.0	28.0	7.87
12.0	-48.0	74.0	5.26
8.0	-20.0	68.0	6.01
-38.0	46.0	-12.0	5.0
42.0	42.0	-10.0	5.52
-52.0	-58.0	4.0	5.07
16.0	-14.0	-4.0	5.73
-24.0	2.0	20.0	4.69
-30.0	-62.0	-48.0	6.36
26.0	-66.0	-26.0	5.27

// Reference=24062782
// Subjects=59
-2.0	29.6	-7.4	-4.4
5.0	11.2	-7.4	-4.65
8.1	32.6	52.9	5.01
8.1	54.1	28.0	-4.19
11.1	44.9	-10.5	-4.97
17.2	41.8	-7.4	-3.71
-8.1	32.6	-1.2	-3.17
8.1	32.6	-4.3	-5.01
-2.0	11.2	-4.3	-3.94
5.0	11.2	-7.4	-4.65
44.4	-20.4	56.0	-3.4
-47.5	-32.6	40.4	3.85
-11.1	-66.3	56.0	-3.28
20.2	-75.5	43.6	-3.26
44.4	-72.4	34.2	-3.25
-62.6	-32.6	37.3	4.14
56.6	-23.5	28.0	3.1
-8.1	-63.2	52.9	-3.69
5.0	-63.2	46.7	-3.34
-26.3	26.5	9.2	2.85
29.3	17.3	-7.4	-3.73
-26.3	20.4	18.6	4.16
35.4	26.5	18.6	2.82
53.5	8.2	-10.5	-4.92
53.5	-17.3	-7.4	-4.94
-62.6	-26.5	-4.3	-3.04
56.6	2.0	-13.6	-5.19
-29.3	-23.5	-4.3	-2.72
23.2	-11.2	-13.6	-3.37
26.3	-8.2	-13.6	-3.27
-11.1	-38.8	-4.3	-4.09
23.2	2.0	-23.0	-3.98
-8.1	-63.2	2.0	-4.21
14.1	-47.9	-4.3	-3.65
32.3	17.3	-26.1	-5.17
-5.0	-84.7	15.5	-3.64
5.0	-87.7	15.5	-2.79
-17.2	-20.4	21.7	3.09
-12.1	-42.8	22.8	3.09
-35.4	-69.4	-23.0	4.48
-11.1	-38.8	-7.4	-3.93
29.3	-44.9	-41.7	3.83
5.0	-41.8	-7.4	-3.48
5.0	-26.5	-32.4	-3.0

// Reference=24821143
// Subjects=34
-56.1	62.7	-10.0	4.326
4.5	1.5	46.2	4.914
53.0	56.6	-3.8	5.256
-37.9	-41.3	36.8	4.838
1.5	19.9	61.8	5.682
22.7	44.4	-47.4	4.853
-1.5	59.7	21.2	4.585
-62.1	29.1	21.2	5.114
7.6	71.9	-19.4	4.673
43.9	53.6	52.4	5.241
-68.2	16.8	11.8	4.312
-19.7	-13.8	52.4	3.953
56.1	-16.8	8.7	4.556
-59.1	-7.7	5.6	5.225
-53.0	-13.8	5.6	4.498
37.9	22.9	64.9	5.515
-22.7	75.0	58.6	4.048
47.0	65.8	11.8	4.718
-10.6	13.8	18.1	4.369

// Reference=24963329
// Subjects=15
-60.6	8.2	4.0	4.799
-60.6	8.2	4.0	4.799
-36.4	44.9	22.8	3.481
-36.4	44.9	22.8	3.481
63.6	-31.6	47.7	3.836
63.6	-31.6	47.7	3.836
-27.3	-46.9	72.7	4.638
-27.3	-46.9	72.7	4.638
-27.3	-46.9	72.7	4.638
-57.6	-65.3	-8.4	4.293
-30.3	-65.3	54.0	7.57
-30.3	-65.3	54.0	7.57
-30.3	-65.3	54.0	7.57
-30.3	-65.3	54.0	7.57
39.4	60.2	-2.2	9.005
39.4	60.2	-2.2	9.005
39.4	60.2	-2.2	9.005
39.4	60.2	-2.2	9.005
63.6	-65.3	14.4	4.795
-24.2	17.3	66.4	4.256
-15.2	-86.7	-45.9	7.627

// Reference=25228908
// Subjects=9
60.6	-38.8	46.7	8.089
22.2	-67.3	32.1	7.023
32.3	-53.0	42.5	4.585
-24.2	-81.6	48.8	5.179
-12.1	-77.5	50.8	4.698
30.3	12.2	-19.9	4.289
-46.5	-59.2	57.1	4.161
-52.5	46.9	59.2	3.487
36.4	22.4	-3.2	3.081
48.5	36.7	13.4	3.868
-30.3	-77.5	52.9	3.868
44.4	38.8	21.7	3.73
16.2	-81.6	23.8	3.595
-40.4	40.8	28.0	3.53
18.2	69.4	65.4	3.444
2.0	8.2	17.6	3.258
4.0	-38.8	-17.8	3.218
-38.4	-53.0	38.4	3.179
-60.0	-28.0	16.0	91.659
58.0	-18.0	16.0	82.929
24.0	-40.0	66.0	68.83
-60.0	6.0	-2.0	66.224
50.0	-64.0	6.0	56.343
-56.0	-70.0	4.0	52.289
-22.0	-40.0	70.0	49.017
58.0	2.0	4.0	39.125
0.0	2.0	48.0	38.781
0.0	-4.0	64.0	37.439
-48.0	0.0	54.0	31.762
-4.0	3.0	42.0	31.225
4.0	12.0	40.0	28.223
42.0	0.0	56.0	25.979
-41.0	-18.0	8.0	24.937
46.0	0.0	2.0	24.735
46.0	-6.0	-20.0	22.633
-16.0	-24.0	36.0	16.72
-32.0	26.0	-2.0	16.594
-40.0	-42.0	62.0	15.631
14.0	-24.0	42.0	12.935
8.0	-24.0	-2.0	10.138
42.0	46.0	2.0	8.925
4.0	-74.0	-6.0	6.31
32.0	-54.0	-30.0	13.028
16.0	-68.0	-58.0	13.601
-52.0	-72.0	4.0	26.85
-60.0	-22.0	18.0	20.579
-46.0	-2.0	56.0	18.317
62.0	-18.0	26.0	15.984
48.0	-70.0	2.0	15.516
-62.0	-22.0	42.0	14.415
48.0	6.0	32.0	13.216
26.0	-38.0	68.0	13.121
54.0	-32.0	26.0	12.935
30.0	-4.0	52.0	10.781
-32.0	-50.0	60.0	9.934
42.0	0.0	4.0	7.534
38.0	24.0	4.0	6.935
-50.0	-6.0	6.0	6.271
-56.0	12.0	4.0	6.117
10.0	4.0	44.0	6.079
-64.0	-8.0	2.0	5.785
48.0	-16.0	-12.0	5.085

// Reference=25525442
// Subjects=31
-1.5	-68.8	24.3	5.54
34.8	-62.7	33.7	5.39
-28.8	-84.2	24.3	4.53
47.0	-71.9	8.7	4.55
-50.0	-59.7	18.1	4.29
-43.9	-19.9	-13.1	4.19
-40.9	22.9	-3.8	4.77
-4.5	59.7	5.6	4.26
4.5	50.5	11.8	3.35
-28.8	-32.1	52.4	4.06
-19.7	29.1	15.0	3.88
-31.8	-68.8	-31.8	4.34
22.7	-81.1	-25.6	4.47
7.6	-50.5	-53.7	3.66

// Reference=25741269
// Subjects=45
-36.4	-3.1	20.7	30.51
36.4	-5.1	0.9	28.78
-20.2	-74.5	29.0	-21.57
30.3	-77.5	25.9	-20.61
55.5	-24.5	25.9	26.74
11.1	-57.1	50.8	-17.5
-3.0	-63.2	57.1	-20.18
-8.1	57.1	29.0	-15.54
-28.3	-47.9	-4.3	-13.85
-8.1	-3.1	42.5	17.73
6.1	6.1	34.2	18.36
-36.4	-16.3	54.0	-12.48
39.4	-71.4	4.0	-12.92
30.3	-36.7	-4.3	-13.34
-6.1	25.5	-12.6	-12.88
-17.2	-68.3	-34.4	14.25
-53.5	-63.2	9.2	14.47
11.1	-68.3	-39.6	16.03
25.2	22.4	45.6	-12.63
6.1	-30.6	73.7	-18.25
61.6	-21.4	4.0	-14.97
25.2	-21.4	65.4	-15.75
11.1	31.6	-12.6	-12.41
6.1	54.1	9.2	-12.86
-53.5	3.1	-15.7	-13.52
-22.2	-68.3	4.0	-11.45
-11.1	-36.7	12.4	-12.22
50.5	-54.1	29.0	-11.33
39.4	0.0	50.8	11.88
-25.2	28.6	54.0	-12.64
17.2	-19.4	73.7	-13.95
-17.2	-44.9	73.7	12.27
41.4	42.8	7.2	12.34
-31.3	-60.2	-39.6	13.77
3.0	-54.1	-36.5	-11.22
44.4	-65.3	-29.2	-10.85
44.4	-57.1	7.2	10.72
25.2	-54.1	59.2	-14.91
58.6	-5.1	-9.5	-11.66
-59.6	-24.5	4.0	-11.0
14.1	-89.8	-7.4	-10.4
61.6	-11.2	-9.5	-10.39
6.1	-16.3	12.4	11.49
44.4	8.2	-7.4	11.23
-34.3	-71.4	4.0	-10.7
17.2	49.0	42.5	-12.31
8.1	3.1	70.6	10.72
0.0	14.3	4.0	-12.13
61.6	-19.4	23.8	14.42
6.1	25.5	25.9	10.15
-17.2	-71.4	50.8	-10.86
-22.2	-57.1	54.0	-10.01
-50.5	-19.4	25.9	66.37
58.6	-19.4	29.0	28.07
-17.2	-63.2	-39.6	24.14
11.1	-5.1	67.5	17.59
14.1	-47.9	-9.5	16.94
-48.5	-65.3	12.4	15.56
52.5	-60.2	9.2	17.26
-39.4	-68.3	40.4	-14.47
-14.1	-44.9	37.3	-12.9
11.1	-21.4	45.6	12.54
14.1	-47.9	62.3	13.11
44.4	-60.2	42.5	-14.94
-17.2	-51.0	-15.7	11.93
-14.1	45.9	40.4	-11.76
-42.4	-44.9	-9.5	11.39
-34.3	-60.2	-1.2	10.1
-20.2	22.4	59.2	-11.11
19.2	-16.3	65.4	14.61
6.1	36.7	29.0	-10.89
-39.4	-21.4	-20.9	11.49
41.4	-63.2	20.7	9.9
28.3	-36.7	65.4	10.55
-22.2	-60.2	-12.6	9.99
-14.1	-21.4	73.7	13.06
41.4	-41.8	-9.5	10.22
44.4	-24.5	59.2	11.69
-42.4	-27.5	59.2	11.42

// Reference=26161117
// Subjects=28
-42.0	-15.0	15.0	-4.016
-36.0	10.0	10.0	-2.759
-37.0	-12.0	2.0	-3.329
-15.0	35.0	53.0	-3.665
-39.0	36.0	18.0	4.462
51.0	6.0	12.0	9.418
-3.0	-30.0	-3.0	-3.665
0.0	-24.0	0.0	-3.342
4.0	-30.0	-5.0	-2.759
15.0	33.0	45.0	-4.728
63.0	-27.0	33.0	6.309
55.0	-20.0	30.0	4.712
54.0	-60.0	39.0	-3.692
50.0	-60.0	30.0	-3.316
49.0	-55.0	26.0	-2.759
18.0	-24.0	39.0	4.728
12.0	0.0	60.0	2.735
24.0	-27.0	-18.0	-4.76
25.0	-20.0	-20.0	-4.586
0.0	33.0	21.0	-3.888
15.0	20.0	20.0	-3.623
-42.0	-15.0	15.0	-4.016
-36.0	10.0	10.0	-2.759
-37.0	-12.0	2.0	-3.329
-15.0	35.0	53.0	-3.665
-39.0	36.0	18.0	4.462
51.0	6.0	12.0	9.418
-3.0	-30.0	-3.0	-3.665
0.0	-24.0	0.0	-3.342
4.0	-30.0	-5.0	-2.759
15.0	33.0	45.0	-4.728
63.0	-27.0	33.0	6.309
55.0	-20.0	30.0	4.712
54.0	-60.0	39.0	-3.692
50.0	-60.0	30.0	-3.316
49.0	-55.0	26.0	-2.759
18.0	-24.0	39.0	4.728
12.0	0.0	60.0	2.735
24.0	-27.0	-18.0	-4.76
25.0	-20.0	-20.0	-4.586
0.0	33.0	21.0	-3.888
15.0	20.0	20.0	-3.623

// Reference=26211895
// Subjects=12
41.0	18.0	9.0	114.609
10.0	11.0	48.0	60.446
-57.0	-24.0	22.0	55.138
-9.0	4.0	50.0	30.092
-8.0	-72.0	-1.0	12.011
17.0	-42.0	66.0	11.547
6.0	-69.0	3.0	10.982
41.0	18.0	9.0	114.609
10.0	11.0	48.0	60.446
-57.0	-24.0	22.0	55.138
-9.0	4.0	50.0	30.092
-8.0	-72.0	-1.0	12.011
17.0	-42.0	66.0	11.547
6.0	-69.0	3.0	10.982
-44.0	-68.0	22.0	23.674
44.0	-75.0	17.0	18.146
-31.0	-36.0	-15.0	17.597
-8.0	56.0	-5.0	16.559
-50.0	2.0	-29.0	12.64
-8.0	-59.0	25.0	10.565
9.0	53.0	-3.0	7.787
8.0	-39.0	62.0	7.508
9.0	-54.0	60.0	6.115
-19.0	-81.0	42.0	5.962
20.0	-75.0	44.0	4.996
20.0	27.0	50.0	4.059

// Reference=29343693
// Subjects=47
-60.0	-28.0	16.0	9.297
58.0	-18.0	16.0	9.08
24.0	-40.0	66.0	8.681
-60.0	6.0	-2.0	8.599
50.0	-64.0	6.0	8.258
-56.0	-70.0	4.0	8.102
-22.0	-40.0	70.0	7.967
58.0	2.0	4.0	7.501
0.0	2.0	48.0	7.482
0.0	-4.0	64.0	7.41
-48.0	0.0	54.0	7.074
-4.0	3.0	42.0	7.039
4.0	12.0	40.0	6.833
42.0	0.0	56.0	6.665
-41.0	-18.0	8.0	6.582
46.0	0.0	2.0	6.566
46.0	-6.0	-20.0	6.386
-16.0	-24.0	36.0	5.777
-32.0	26.0	-2.0	5.761
-40.0	-42.0	62.0	5.641
14.0	-24.0	42.0	5.261
8.0	-24.0	-2.0	4.772
42.0	46.0	2.0	4.517
4.0	-74.0	-6.0	3.825
32.0	-54.0	-30.0	5.276
16.0	-68.0	-58.0	5.362
4.0	-47.9	65.4	-3.51
-7.1	-36.7	64.4	-4.06
60.6	-23.5	31.1	-4.48
-62.6	-14.3	17.6	-5.79
2.0	-23.5	-4.3	-3.63
-2.0	-22.4	-3.2	-5.51
25.2	-19.4	-22.0	-4.95
1.0	22.4	26.9	-4.8
-2.0	32.6	3.0	-3.59
1.0	7.1	36.3	-3.98
-2.0	-8.2	35.2	-5.9
1.0	-2.0	45.6	-7.04
-2.0	-2.0	44.6	-6.1
3.0	-44.9	26.9	-4.96
-1.0	-41.8	25.9	-5.63
45.5	13.3	-7.4	-5.66
34.3	12.2	-28.2	-6.88
-35.4	2.0	-34.4	-8.64
8.1	60.2	30.0	-7.53
8.1	63.2	11.3	-7.48
-5.0	60.2	23.8	-8.2
-10.1	60.2	11.3	-4.09
2.0	14.3	-13.6	-15.04
-4.0	22.4	-15.7	-7.28
20.2	4.1	8.2	-3.98
56.6	-25.5	26.9	-8.14
-59.6	-20.4	24.8	-7.4
48.5	-44.9	44.6	-3.94
53.5	-58.1	39.4	-4.01
3.0	2.0	65.4	-3.77
-4.0	-10.2	68.5	-5.06
-1.0	-63.2	-8.4	-3.93
-15.2	-65.3	26.9	-5.62
12.1	-84.7	-18.8	-8.65
-12.1	-87.7	-22.0	-3.56
-12.1	-80.6	-22.0	-4.8
6.1	-72.4	-35.5	-5.04
11.1	-54.1	-54.2	-4.38
33.3	-32.6	-25.1	-5.7
43.4	-45.9	-19.9	-10.18
-44.4	-43.9	3.6	-3.66
34.3	-75.5	-16.8	-3.66
-41.4	-72.4	-25.1	-4.48
38.4	-44.9	-38.6	-1.1
-44.4	-43.9	3.6	-3.66
-29.3	-38.8	-44.8	-3.42

// Reference=29951105
// Subjects=21
-13.6	-13.8	-6.9	5.644
28.8	7.7	36.8	6.991
-25.8	1.5	33.7	7.117
-25.8	-10.7	43.0	7.051
10.6	-16.8	-0.6	9.649

// Reference=30105065
// Subjects=49
66.0	15.0	21.0	5.54
-15.0	-90.0	-33.0	4.69
27.0	-90.0	-27.0	4.87
57.0	24.0	-6.0	4.55
-21.0	-12.0	3.0	4.23
-57.0	9.0	0.0	4.09
-30.0	-72.0	57.0	3.43
-60.0	-24.0	21.0	3.4
60.0	-60.0	0.0	3.15
-63.0	-30.0	27.0	9.26
39.0	51.0	24.0	5.71
-48.0	-30.0	12.0	5.36
-33.0	-33.0	15.0	4.85
-12.0	-54.0	-15.0	4.8
51.0	12.0	6.0	4.5
63.0	3.0	-3.0	7.04
-42.0	-57.0	57.0	5.95
-33.0	-81.0	36.0	5.8
36.0	-42.0	66.0	5.44
69.0	-12.0	12.0	5.18
-48.0	-66.0	-18.0	4.88
24.0	-66.0	51.0	4.83
33.0	-24.0	63.0	4.05
57.0	-30.0	36.0	3.34
18.0	-78.0	-21.0	3.88

// Reference=32194493
// Subjects=41
66.0	-20.0	26.0	6.299
36.0	16.0	4.0	3.821
44.0	-16.0	19.0	3.924
58.0	-28.0	28.0	5.634
56.0	12.0	4.0	4.916
56.0	-50.0	3.0	3.422
-62.0	-22.0	20.0	5.403
-54.0	-22.0	44.0	2.897
-40.0	-2.0	-4.0	4.509
-54.0	20.0	43.0	4.198
34.0	-18.0	16.0	4.509
31.0	25.0	-1.0	4.481
45.0	13.0	26.0	3.156
50.0	-26.0	26.0	5.149
57.0	-37.0	17.0	3.288
-58.0	-26.0	22.0	5.061
-50.0	2.0	15.0	3.204
-55.0	-37.0	41.0	3.483
-53.0	-34.0	27.0	4.731
-32.0	20.0	2.0	3.989
-36.0	-20.0	12.0	4.067
-52.0	-6.0	39.0	2.633
62.0	-24.0	28.0	8.882
60.0	-29.0	38.0	4.481
60.0	-38.0	18.0	5.343
38.0	22.0	-2.0	5.65
40.0	-6.0	-4.0	6.469
50.0	8.0	40.0	5.65
4.0	8.0	60.0	4.132
4.0	24.0	46.0	3.325
42.0	40.0	12.0	4.413
56.0	12.0	4.0	7.0
10.0	-14.0	8.0	4.427
-10.0	-18.0	10.0	4.198
-62.0	-28.0	24.0	8.464
-55.0	3.0	3.0	5.046
-54.0	-43.0	28.0	6.469
-62.0	-28.0	24.0	8.379
-34.0	14.0	4.0	5.697
-40.0	0.0	-4.0	6.642
-62.0	-20.0	22.0	10.127
10.0	-16.0	8.0	5.603
-14.0	-14.0	8.0	4.014

// Reference=33776442
// Subjects=20
15.0	-66.0	12.0	p
45.0	-18.0	57.0	p
-42.0	-24.0	51.0	p
3.0	-42.0	27.0	p
51.0	-63.0	33.0	p
15.0	-66.0	12.0	p
45.0	-18.0	57.0	p
-42.0	-24.0	51.0	p
15.0	-66.0	12.0	p
45.0	-18.0	57.0	p
-42.0	-24.0	51.0	p

// Reference=35048524
// Subjects=60
20.2	-79.6	52.9	5.31
36.4	-77.5	44.6	5.43
58.6	-57.1	25.9	4.42
50.5	-73.4	32.1	4.28
56.6	-67.3	30.0	3.85
6.1	-42.8	28.0	4.06
0.0	-83.6	32.1	4.15
2.0	-75.5	21.7	3.46

// Reference=35464313
// Subjects=115
3.0	-81.0	36.0	4.12
-39.0	-84.0	-33.0	-5.3
3.0	-12.0	-33.0	5.1
-24.0	-51.0	9.0	4.31
18.0	-45.0	15.0	4.55
6.0	9.0	48.0	5.51
-30.0	6.0	30.0	4.29
-30.0	18.0	12.0	4.14
3.0	48.0	-21.0	-4.77
-27.0	-90.0	-24.0	-4.04
42.0	42.0	-15.0	-3.95
54.0	0.0	42.0	-5.47
48.0	-36.0	-27.0	4.54
-33.0	-33.0	-27.0	4.82
33.0	-57.0	0.0	3.25
-39.0	-66.0	-33.0	2.94
3.0	-57.0	-15.0	3.54

// Reference=36530615
// Subjects=32
-44.0	-9.0	41.0	-4.03
14.0	55.0	-17.0	-3.35
-32.0	-31.0	67.0	-4.01
-44.0	-9.0	41.0	-4.03
52.0	-4.0	-20.0	-4.03
14.0	55.0	-17.0	-3.35
-32.0	-31.0	67.0	-4.01
37.0	54.0	-5.0	-4.01

// Reference=36530635
// Subjects=52
-42.4	-31.6	58.1	3.795
49.5	-20.4	21.7	4.228
-54.5	-35.7	36.3	3.892
54.5	-43.9	41.5	4.228
-60.6	-29.6	36.3	4.228
38.4	-46.9	44.6	2.396
52.5	-8.2	2.0	4.228
53.5	5.1	11.3	4.228
-51.5	13.3	5.1	4.228
42.4	-3.1	-13.6	3.662
-37.4	-8.2	6.1	4.228
-30.3	-12.2	63.3	4.228
8.1	12.2	58.1	4.228
-6.1	13.3	61.2	2.137
38.4	42.8	11.3	4.228
-45.5	36.7	-6.4	2.906
-10.1	39.8	26.9	3.134
-64.6	-38.8	-3.2	2.429
10.1	-97.9	24.8	3.031
-4.0	-93.8	11.3	4.228

// Reference=39089662
// Subjects=50
38.4	3.1	8.2	7.83
-37.4	9.2	2.0	5.37
34.3	-21.4	11.3	5.1
-36.4	-3.1	2.0	4.33
5.0	-13.3	13.4	6.6
-6.1	-16.3	12.4	4.93
30.3	59.2	22.8	4.73
-26.3	55.1	25.9	6.1
52.5	41.8	8.2	5.69
-53.5	41.8	20.7	5.05
52.5	-35.7	36.3	9.7
-55.5	-35.7	41.5	8.59
52.5	-27.5	25.9	11.94
-53.5	-27.5	29.0	9.11
34.3	25.5	-3.2	4.9
5.0	14.3	43.6	8.09
-7.1	10.2	36.3	7.26
2.0	-8.2	48.8	4.9
33.3	13.3	10.3	10.39
-33.3	17.3	7.2	6.74
37.4	-2.0	-0.1	4.14
-38.4	-5.1	5.1	7.86
-21.2	0.0	11.3	5.9
3.0	-6.1	14.4	5.81
25.2	56.1	33.2	6.62
-20.2	56.1	32.1	7.57
4.0	53.0	45.6	9.69
-2.0	25.5	48.8	8.2
58.6	15.3	25.9	6.72
-53.5	12.2	14.4	8.69
55.5	-44.9	39.4	8.51
-51.5	-43.9	30.0	8.83
2.0	-23.5	-22.0	6.79
-5.0	-42.8	74.8	7.21
49.5	-27.5	26.9	9.27
-45.5	-27.5	26.9	15.45
-4.0	11.2	40.4	4.36
34.3	13.3	8.2	9.34
-32.3	-17.3	13.4	10.44
27.3	56.1	29.0	7.94
-37.4	56.1	11.3	7.03
4.0	9.2	56.0	4.03
-2.0	10.2	60.2	4.01
53.5	9.2	29.0	4.87
-40.4	25.5	45.6	4.45
46.5	-47.9	42.5	8.66
-53.5	-44.9	32.1	9.53
-10.1	-41.8	74.8	4.68
56.6	-27.5	30.0	7.78
-51.5	-27.5	25.9	7.57

// Reference=39468590
// Subjects=118
-42.4	-3.1	9.2	8.8
44.4	-5.1	10.3	9.6
-8.1	38.8	20.7	4.8
5.0	24.5	29.0	5.3
3.0	-3.1	-4.3	5.2
-3.0	-27.5	-5.3	5.4
3.0	-27.5	-5.3	5.6
-9.1	-14.3	-5.3	5.8
9.1	-15.3	-5.3	6.4
-8.1	-26.5	12.4	5.4
-32.3	20.4	47.7	5.6
46.5	38.8	20.7	4.2
-1.0	-24.5	62.3	4.5
22.2	-49.0	70.6	4.8
-62.6	-22.4	23.8	6.1
53.5	-28.6	21.7	6.3

// Reference=39648209
// Subjects=35
-36.4	-3.1	20.7	30.51
36.4	-5.1	0.9	28.78
55.5	-24.5	25.9	26.74
-8.1	-3.1	42.5	17.73
6.1	6.1	34.2	18.36
-17.2	-68.3	-34.4	14.25
-53.5	-63.2	9.2	14.47
11.1	-68.3	-39.6	16.03
25.2	22.4	45.6	12.63
39.4	0.0	50.8	11.88
-17.2	-44.9	73.7	12.27
41.4	42.8	7.2	12.34
-31.3	-60.2	-39.6	13.77
44.4	-57.1	7.2	10.72
8.1	3.1	70.6	10.72
44.4	8.2	-7.4	11.23
6.1	25.5	25.9	10.15
61.6	-19.4	23.8	14.42

// Reference=39877657
// Subjects=27
-42.0	-10.0	10.0	9.94
-42.0	-10.0	10.0	9.94
-42.0	-10.0	10.0	9.94
24.0	-1.0	12.0	7.91
24.0	-1.0	12.0	7.91
48.0	-40.0	1.0	6.43
48.0	-40.0	1.0	6.43
33.0	8.0	34.0	6.32
30.0	-70.0	-35.0	6.28
45.0	-4.0	52.0	6.05
45.0	-4.0	52.0	6.05
-48.0	-7.0	49.0	5.85
6.0	8.0	70.0	5.6
6.0	8.0	70.0	5.6
6.0	8.0	70.0	5.6
6.0	8.0	70.0	5.6
-66.0	-37.0	-2.0	5.52
-21.0	-61.0	-26.0	5.31
-42.0	38.0	-2.0	4.69
-42.0	38.0	-2.0	4.69
-9.0	5.0	40.0	8.23
-9.0	5.0	40.0	8.23
9.0	11.0	49.0	4.97
63.0	11.0	22.0	4.8
63.0	11.0	22.0	4.8
63.0	11.0	22.0	4.8
-54.0	-34.0	25.0	4.77
-54.0	-34.0	25.0	4.77
-3.0	-7.0	52.0	4.44
-51.0	-16.0	19.0	3.97
-51.0	-16.0	19.0	3.97
36.0	38.0	10.0	4.15
-45.0	-40.0	28.0	4.68
30.0	-22.0	16.0	4.64
48.0	-10.0	13.0	4.47
48.0	-10.0	13.0	4.47
57.0	-43.0	16.0	4.37
57.0	-43.0	16.0	4.37
-54.0	-4.0	16.0	4.0
-54.0	-4.0	16.0	4.0
-54.0	-4.0	16.0	4.0
-33.0	-1.0	13.0	3.99
60.0	-7.0	10.0	3.53
-18.0	-46.0	67.0	3.5
-18.0	-46.0	67.0	3.5
-18.0	-46.0	67.0	3.5

// Reference=40022556
// Subjects=197
-3.0	-77.5	7.2	19.46
3.0	-77.5	7.2	15.94
-3.0	-76.5	10.3	16.38
3.0	-91.8	19.6	18.91
-21.2	-95.9	-5.3	6.05
-12.1	-96.9	19.6	9.53
12.1	-93.8	19.6	10.07
-45.5	-69.4	-9.5	8.62
36.4	-72.4	-9.5	7.6
-12.1	-94.9	3.0	15.31
15.2	-85.7	7.2	17.04
-12.1	-104.0	6.1	24.27
21.2	-101.0	5.1	20.52
-24.2	-89.8	-5.3	15.27
33.3	-83.6	-3.2	16.31
-15.2	-100.0	19.6	17.85
21.2	-101.0	11.3	20.81
-21.2	-89.8	-8.4	8.18

// Reference=40634927
// Subjects=74
-55.5	-25.5	48.8	4.892
-40.4	-2.0	-5.3	3.285
48.5	7.1	-4.3	2.91
-3.0	24.5	47.7	3.352
-57.6	-11.2	16.5	4.452
51.5	-10.2	5.1	3.588
-57.6	-52.0	22.8	3.714
-53.5	15.3	-4.3	3.318
57.6	4.1	-4.3	3.031
-46.5	-49.0	57.1	3.13
-57.6	-22.4	24.8	3.932
-55.5	-22.4	23.8	3.921
-12.1	-19.4	13.4	3.588
2.0	-71.4	-9.5	2.715
0.0	-52.0	-26.1	3.487
-22.2	-74.5	-15.7	4.488
24.2	-69.4	-12.6	3.748
-23.2	-62.2	-13.6	2.834
-24.2	-63.2	-14.7	2.921

// Reference=40963943
// Subjects=72
3.0	45.0	12.0	8.3
3.0	60.0	-6.0	11.62
18.0	6.0	0.0	7.97
45.0	42.0	12.0	6.94
21.0	36.0	42.0	7.17
-24.0	21.0	42.0	6.82
-54.0	-39.0	36.0	7.96
0.0	-63.0	27.0	7.23
42.0	-57.0	45.0	9.73
3.0	-63.0	39.0	10.73
39.0	-69.0	39.0	7.01
-63.0	-30.0	36.0	10.2
-18.0	18.0	54.0	6.26

// Reference=40995472
// Subjects=46
-18.0	-78.0	-51.0	2.49
66.0	-15.0	27.0	3.108
-54.0	-18.0	18.0	2.94
69.0	-24.0	27.0	3.298
-48.0	0.0	6.0	2.856
9.0	-15.0	63.0	2.628
-18.0	-78.0	-51.0	2.49
66.0	-15.0	27.0	3.108
-54.0	-18.0	18.0	2.94
69.0	-24.0	27.0	3.298
-48.0	0.0	6.0	2.856
9.0	-15.0	63.0	2.628

// Reference=41351443
// Subjects=66
-3.0	7.0	33.0	4.85
3.0	9.0	33.0	6.07
-3.0	21.0	45.0	4.53
3.0	12.0	48.0	5.99
-9.0	-12.0	6.0	6.62
12.0	-15.0	6.0	8.2
-42.0	18.0	-9.0	5.65
36.0	12.0	-9.0	6.17
-59.0	-14.0	17.0	10.15
60.0	-15.0	15.0	6.96
-63.0	-24.0	24.0	6.97
53.0	-25.0	29.0	9.78
-54.0	-18.0	30.0	7.23
-3.0	-3.0	36.0	5.6
6.0	6.0	33.0	6.49
-3.0	12.0	42.0	3.23
6.0	12.0	57.0	5.61
-9.0	-14.0	3.0	6.95
9.0	-14.0	6.0	7.9
-42.0	15.0	-9.0	5.8
36.0	21.0	-9.0	5.27
-59.0	-14.0	17.0	9.06
54.0	-12.0	15.0	5.47
-60.0	-18.0	18.0	8.35
63.0	-27.0	21.0	5.68
-57.0	-21.0	24.0	8.13
-3.0	30.0	27.0	4.52
6.0	24.0	30.0	5.09
-3.0	12.0	48.0	4.08
3.0	12.0	48.0	5.64
-9.0	-15.0	3.0	6.01
9.0	-14.0	2.0	7.91
-34.0	24.0	-7.0	5.81
39.0	24.0	-3.0	5.07
-60.0	-12.0	15.0	6.63
54.0	-12.0	12.0	4.29
-60.0	-18.0	15.0	8.55
63.0	-24.0	24.0	6.35
